Epoch	AverageEpRet	StdEpRet	MaxEpRet	MinEpRet	AverageTestEpRet	StdTestEpRet	MaxTestEpRet	MinTestEpRet	EpLen	TestEpLen	TotalEnvInteracts	AverageQ1Vals	StdQ1Vals	MaxQ1Vals	MinQ1Vals	AverageQ2Vals	StdQ2Vals	MaxQ2Vals	MinQ2Vals	AverageLogPi	StdLogPi	MaxLogPi	MinLogPi	LossPi	LossQ	Time
1	-43.21964	84.044044	36.100937	-393.62878	999.38025	1.3683192	1000.8617	996.7667	140.60564	1000.0	9999	0.7222371	0.29883534	2.3103771	-0.26158383	0.72023946	0.31999698	2.6785998	-0.39847857	-5.3934937	0.5359026	-1.4313116	-10.50454	-1.7734042	1.222661	24.053073406219482
2	-37.03271	80.94793	59.50327	-270.6317	364.89386	254.95227	773.4521	31.431551	383.1154	640.8	19999	17.760195	11.50136	81.279816	-15.908599	17.760105	11.49793	76.994934	-15.770057	-3.3988779	2.059178	14.823865	-15.3390465	-18.924046	5.3243113	279.4898910522461
3	13.259366	84.75364	165.7019	-142.16449	363.2704	301.52676	806.59656	0.11075514	383.75	610.8	29999	38.361988	13.751226	97.17998	-41.088478	38.36255	13.747487	96.76492	-28.39322	-2.9613192	2.3785486	20.86187	-15.826209	-39.26457	7.7945232	527.3627367019653
4	53.170044	69.5342	191.88124	-100.33481	599.69073	242.46465	864.5839	157.11461	404.34616	829.6	39999	44.887096	12.572178	95.21219	-31.788311	44.88772	12.57339	95.88033	-32.612747	-3.2996511	2.252296	26.528849	-15.642128	-45.65255	6.9512234	741.5296518802643
5	120.22907	91.05607	273.57175	-2.1221645	673.8977	267.19382	985.6134	35.731125	479.61905	902.8	49999	50.140636	9.706475	89.61684	-31.71144	50.140953	9.703665	89.69525	-30.729883	-3.3633752	2.155461	29.818653	-16.301033	-50.88357	6.0508013	958.1525003910065
6	144.42491	129.49623	468.24792	4.289236	909.2726	162.77905	1034.4994	465.8296	509.15	1000.0	59999	55.5911	8.167828	93.93082	-53.912773	55.59159	8.168719	91.91572	-40.031624	-3.3334877	2.1473677	28.880856	-16.541574	-56.329556	6.004648	1176.4635400772095
7	168.52979	161.2985	780.8193	-8.922262	702.7084	397.6383	1165.9114	6.425614	474.2	743.3	69999	60.42713	7.5526767	97.90091	-37.66984	60.427666	7.549187	97.62421	-43.878426	-3.3183649	2.1308668	27.526896	-16.152672	-61.130867	6.165301	1406.1639332771301
8	297.72882	175.85873	591.36615	0.084780246	562.2265	471.8868	1536.4818	51.234154	616.9375	485.6	79999	64.54222	7.5746975	100.69372	-38.47456	64.54247	7.5753684	101.39385	-37.101173	-3.2624798	2.1312332	31.508316	-16.069765	-65.21192	6.547389	1635.0414071083069
9	243.62404	139.4834	449.7799	-5.559563	534.5719	372.2016	961.1385	35.872818	666.5625	532.7	89999	68.20083	7.7464437	106.27092	-65.565544	68.20092	7.742951	103.581955	-48.053154	-3.194343	2.2081683	32.43092	-16.676577	-68.87113	6.46558	1862.9709949493408
10	217.6567	164.20082	656.6969	38.053177	963.015	418.00427	1368.8274	97.66112	409.56522	820.1	99999	71.58197	8.055009	112.21876	-68.36452	71.58218	8.053209	111.29227	-88.75328	-3.1667113	2.2289379	33.720837	-14.474154	-72.235886	7.1658626	2091.2780425548553
11	413.0176	246.22389	932.1594	111.03172	988.88525	293.6374	1299.3918	291.38553	792.61536	844.3	109999	74.31221	8.462018	115.89028	-42.022972	74.31227	8.457549	118.54651	-54.587444	-3.1287055	2.2588682	40.00524	-15.232392	-74.9561	7.2119937	2321.28137755394
12	289.58102	198.17099	597.61993	-0.31906423	1031.9657	444.7755	1856.4473	54.689198	472.2	810.4	119999	77.02919	9.040944	119.84956	-54.30334	77.029205	9.03988	120.1659	-77.28881	-3.085018	2.3191383	33.36941	-15.815288	-77.67851	7.6156936	2550.5697741508484
13	430.02676	245.78223	872.4179	23.602295	990.437	365.9384	1599.013	153.7269	721.9286	908.0	129999	79.250145	9.627274	129.48318	-75.36381	79.25016	9.625623	128.22704	-48.278328	-3.0641594	2.3559613	37.240723	-14.638048	-79.87735	8.072911	2783.6327867507935
14	346.1987	165.07771	776.47705	59.404446	924.20197	322.18997	1200.373	136.14285	760.6923	829.9	139999	81.27644	10.441001	129.96533	-44.939568	81.276344	10.439052	129.80496	-47.644344	-3.0218072	2.432047	44.54704	-15.372138	-81.91181	8.06685	3015.291877269745
15	421.93124	420.6566	1717.1814	5.901804	730.14276	400.49487	1371.0161	112.07533	632.4706	592.4	149999	82.740685	10.99431	135.03087	-41.897293	82.74072	10.993171	136.62085	-65.28946	-3.0373785	2.434685	47.895546	-16.845995	-83.36067	8.366216	3250.242580652237
16	348.71545	177.21844	626.0102	57.00999	1321.4557	776.476	2191.0615	63.34223	600.6875	757.6	159999	83.834526	11.35793	134.5138	-58.66728	83.83452	11.35775	134.4364	-72.795876	-3.0256748	2.4084768	40.865707	-16.770147	-84.43971	8.631189	3486.588101863861
17	580.16394	511.42496	1738.9429	91.91963	1195.0847	604.9822	1878.7892	58.933502	494.9	735.1	169999	84.973785	11.9057455	142.1066	-69.94775	84.973724	11.904275	137.5452	-56.062294	-2.9827826	2.4745295	46.851597	-15.832944	-85.55259	9.864364	3717.015555858612
18	555.166	467.21216	1774.3418	96.54113	836.7965	563.07874	1858.3251	103.04649	639.875	424.6	179999	86.46386	13.133548	144.1467	-48.3267	86.46368	13.13138	141.68912	-58.920914	-2.8825352	2.5329366	39.305923	-15.367063	-87.0317	10.359004	3945.4641048908234
19	569.4479	404.4374	1728.3925	29.393162	842.66473	534.29596	1507.2657	24.349552	625.6875	639.9	189999	88.33607	14.787237	149.15424	-71.58923	88.33593	14.788121	150.70923	-110.07252	-2.8284893	2.6164088	40.81784	-17.892426	-88.90004	10.878883	4182.671622753143
20	915.9784	768.7189	2223.0593	84.508	709.4071	475.38593	1399.3068	36.8044	722.2143	629.6	199999	90.20872	16.528744	152.79242	-67.76268	90.20883	16.530334	154.82237	-115.809494	-2.7589638	2.6606493	36.878548	-15.05772	-90.75958	11.738737	4436.395072937012
21	873.0659	711.98145	2168.135	34.210068	813.6957	431.6977	1294.8993	112.89169	601.7647	671.1	209999	92.248856	18.427853	158.39285	-75.17129	92.249	18.427681	160.61035	-53.88555	-2.6712105	2.7283287	58.470543	-15.683968	-92.77584	12.68779	4693.856894493103
22	763.9032	790.0402	2532.8682	31.457764	2044.4939	797.24646	3096.1057	850.84204	512.3684	833.2	219999	94.26133	20.402075	163.8026	-56.81257	94.26125	20.401627	165.05043	-73.91553	-2.6251514	2.7631514	38.325104	-15.799715	-94.7795	13.844861	4930.954131364822
23	998.7397	790.58795	2436.7268	212.58347	1768.8596	1320.055	3404.9202	69.08333	787.5	743.6	229999	97.04172	23.514591	172.43163	-87.38604	97.04168	23.5148	174.46005	-76.347244	-2.4758153	2.8641703	53.100277	-17.895926	-97.562614	14.789467	5169.737929105759
24	821.77563	735.34216	2371.263	33.74757	2775.2104	464.4212	3084.1702	1634.765	593.55554	929.3	239999	99.489334	26.350307	177.50443	-55.607616	99.489204	26.350847	178.9957	-58.33786	-2.395932	2.920533	44.309517	-14.830248	-100.00705	16.119982	5414.981115818024
25	1466.215	980.77496	2802.315	28.157501	2525.5405	1055.5455	3588.5193	691.9228	775.6667	792.3	249999	101.85835	28.749104	184.15305	-61.31408	101.8583	28.750015	184.7559	-63.83054	-2.3412528	2.9859173	50.818024	-15.213631	-102.3647	17.844439	5662.921594619751
26	1491.1128	1000.2796	2871.1794	132.39072	1765.0642	901.92926	2958.0806	248.68066	762.2308	706.1	259999	104.93311	31.938805	192.52756	-76.57884	104.93326	31.939459	189.91536	-70.5536	-2.2042785	3.1103787	48.482357	-15.679285	-105.43041	19.250584	5912.373941421509
27	965.4668	711.40826	2742.5635	145.4451	1454.2635	1023.504	3544.2263	91.176636	600.94116	463.7	269999	108.01332	35.387325	198.46184	-65.54976	108.01329	35.38724	199.96797	-89.48473	-2.0946813	3.2016838	64.30595	-15.526581	-108.512566	21.51161	6152.300646305084
28	1439.9353	925.6886	2955.6409	119.03542	1169.7659	818.40234	2566.5671	115.29735	751.53845	571.1	279999	110.799225	38.344078	204.38705	-111.02962	110.799545	38.342785	209.8293	-134.9621	-2.0178409	3.2245972	53.315163	-15.961971	-111.28362	23.181585	6397.671146631241
29	2026.8232	1030.0503	3129.2283	502.39438	1926.6002	1369.0533	3484.534	39.650772	773.6429	638.3	289999	114.10869	41.493042	212.16307	-163.5804	114.10864	41.492332	213.10815	-113.75826	-1.8997092	3.3217618	66.04848	-15.281191	-114.5823	24.574469	6640.79328584671
30	1684.0967	1125.6338	3117.1865	29.167814	3178.7297	797.0103	3848.004	1164.459	664.2143	902.7	299999	118.121284	45.167484	221.73853	-113.631546	118.12144	45.165833	223.46706	-83.96984	-1.7604331	3.4035053	57.888916	-18.971352	-118.59622	26.793316	6874.735596656799
31	2067.4775	1011.92444	3466.0947	505.85275	2667.9824	903.6306	3785.9531	1046.1566	821.9231	764.6	309999	121.67611	48.495304	224.70515	-102.2249	121.67644	48.49333	225.5837	-94.977875	-1.6734526	3.48605	74.035126	-17.277395	-122.135025	28.965158	7109.929531574249
32	1528.0796	1117.3923	3251.7505	142.7466	1957.1713	1105.732	4008.5342	359.89197	573.2941	607.4	319999	125.60986	51.9377	234.33217	-119.19259	125.60989	51.937202	234.11342	-106.59547	-1.5182208	3.5321348	49.456867	-14.885597	-126.068825	31.716724	7360.095152378082
33	1982.5354	1112.756	3500.5393	85.71746	2933.5718	1357.764	3985.5742	711.9569	641.13336	841.8	329999	129.88174	55.431587	241.69717	-101.32413	129.88176	55.430637	245.51268	-103.650826	-1.3703268	3.6004498	84.62912	-15.625972	-130.31683	34.68203	7609.73770236969
34	2282.6687	1008.6923	3698.7942	255.723	3538.9512	891.81964	4301.7637	1693.6549	711.26666	871.7	339999	133.96382	58.75025	248.4035	-116.49887	133.96432	58.750122	248.79556	-108.56645	-1.2482991	3.6347136	56.958927	-15.816866	-134.38977	38.379593	7858.40065073967
35	2398.14	937.6278	3667.2134	565.0029	3651.1382	85.97895	3763.6	3525.6135	705.4286	1000.0	349999	138.14357	61.747055	261.29974	-150.04594	138.14359	61.746616	256.04633	-144.58385	-1.1393589	3.7015173	64.888565	-17.083126	-138.53815	40.461643	8109.4483144283295
36	2238.34	1099.8138	3860.2974	593.13306	4263.307	104.578606	4490.4487	4130.8887	853.6667	1000.0	359999	141.35358	64.44146	259.51877	-152.9629	141.35405	64.43848	261.98596	-89.599815	-1.0037282	3.7569113	71.018005	-14.174992	-141.72504	44.800957	8355.888756990433
37	2470.205	1266.6396	3888.9382	426.65747	4222.373	126.05248	4527.7954	4114.182	792.5	1000.0	369999	144.94698	67.08675	266.22513	-124.68405	144.94698	67.083206	267.16635	-135.26503	-0.9266857	3.8127337	113.14828	-15.716682	-145.33246	43.780094	8602.331656694412
38	2777.5437	1140.7201	3874.9485	347.4074	4051.92	301.5208	4272.251	3206.1082	815.5833	1000.0	379999	148.94847	70.10285	272.17715	-135.76411	148.94852	70.09976	275.7625	-100.0849	-0.84792805	3.869265	92.379906	-13.802572	-149.31602	45.431458	8851.78926205635
39	2508.6228	1535.0669	3994.2896	9.572114	4210.741	716.1341	4660.897	2111.719	667.06665	993.7	389999	153.0789	72.64587	279.5909	-125.67109	153.07904	72.64284	279.2537	-234.18808	-0.7075149	3.8997853	116.98191	-13.286842	-153.42435	48.746586	9137.087894201279
40	2734.2422	1302.827	3966.553	219.82253	4166.996	781.81976	4675.9985	1867.0327	734.3571	945.6	399999	157.35518	75.15263	288.59293	-104.46682	157.35498	75.14886	290.84125	-137.74483	-0.56744254	3.9780607	106.00983	-13.819537	-157.69588	50.674786	9432.665877342224
41	3041.672	1186.8713	4129.78	493.8604	3864.2559	700.92883	4371.9927	2011.2039	858.6667	977.2	409999	161.44972	77.71921	295.43152	-164.8425	161.44992	77.71516	294.29666	-147.95456	-0.51586175	3.971603	90.62598	-15.05187	-161.77596	52.30227	9728.407005786896
42	3414.8164	779.59045	4186.627	1411.5571	3896.3367	1279.1422	4764.9434	418.48785	878.1818	847.8	419999	165.67233	80.050644	296.54816	-143.68338	165.67245	80.04682	303.342	-169.58725	-0.413035	3.996908	88.59748	-15.591724	-165.9859	54.277454	10022.625698804855
43	2549.1135	1679.7258	4429.8413	15.285282	3104.5696	1793.0096	4996.7773	358.47714	635.125	667.9	429999	170.6868	82.51386	301.69714	-122.47557	170.68636	82.51007	309.66687	-135.61122	-0.33193225	4.0477605	87.26416	-15.039747	-170.99602	55.583775	10276.462260723114
44	2773.2974	1352.1356	4177.8315	150.25159	4398.0312	1057.2963	5059.743	1335.6754	715.9231	986.3	439999	174.86363	84.93852	309.2563	-199.13329	174.86403	84.93261	312.8561	-161.13252	-0.25903982	4.073699	119.01035	-15.078246	-175.17282	59.28349	10525.021075725555
45	3033.5767	1477.6548	4368.5415	186.51634	2873.3352	1740.8287	4816.208	720.59033	780.5	629.0	449999	178.79916	87.19581	314.2423	-124.83898	178.79904	87.19534	313.5024	-221.50182	-0.16146766	4.0568385	77.96832	-16.439947	-179.08798	61.104076	10772.660545110703
46	3658.5657	730.6334	4265.024	1983.817	4601.898	945.5492	5063.092	1781.2257	909.5455	1000.0	459999	182.79773	89.45038	318.06787	-142.90428	182.79745	89.44831	317.31784	-123.04518	-0.057581276	4.0915613	101.3579	-14.5683775	-183.05779	63.928394	11032.451680898666
47	2816.1072	1755.4205	4517.1895	38.674824	4696.8296	570.08954	5030.8027	3040.1707	701.2857	958.6	469999	186.38783	91.390625	323.90314	-147.10869	186.38808	91.386154	325.70636	-172.73717	0.0090669645	4.1319656	99.564766	-17.045795	-186.66402	66.6167	11288.581944942474
48	3458.8586	939.601	4538.669	1930.414	4615.476	871.0442	5039.502	2011.6034	833.1667	940.7	479999	190.6077	93.91468	329.817	-183.62181	190.60783	93.91108	335.60196	-183.03125	0.08491076	4.146086	97.15463	-16.696966	-190.87822	66.466965	11598.586559057236
49	2653.6536	1701.4216	4669.9766	18.91134	4186.3643	1488.231	5312.212	429.63867	645.6667	902.5	489999	199.03897	93.569756	508.8346	-160.11588	199.03749	93.56541	512.9305	-227.85793	1.056482	4.7697167	122.81946	-15.323294	-199.98038	87.802666	11916.812456607819
50	1290.0454	1555.1102	3947.1528	-992.5435	4640.966	423.68506	4887.5757	3387.2524	805.9231	972.5	499999	241.95288	68.5665	510.4112	-198.20406	241.94795	68.569595	523.501	-187.73775	1.9821166	3.4712877	118.41699	-15.85236	-242.9548	113.606865	12236.499653339386
51	1278.3197	1419.2976	4198.4546	-437.378	4049.6785	990.2768	5056.3545	2050.4502	703.2857	966.3	509999	241.11722	70.25846	475.43878	-152.14545	241.11794	70.25297	498.919	-324.0959	1.2469115	3.390582	115.17949	-15.601754	-241.6515	107.36025	12553.346270561218
52	2734.8901	1391.1241	4423.8306	921.4633	4361.125	1321.0023	5102.8477	809.41785	881.1818	961.1	519999	228.55807	76.73304	348.33768	-201.16206	228.55815	76.7352	350.70844	-195.81517	0.56216055	3.6324098	87.170616	-16.602673	-228.7921	86.706604	12851.892081022263
53	3305.889	1621.7914	4653.2783	348.77542	4817.865	136.86441	5027.3867	4607.365	869.3333	1000.0	529999	218.76836	86.596634	348.21683	-156.58997	218.76822	86.589516	349.53513	-173.12256	0.40023705	3.8859556	91.58055	-16.666914	-219.0247	83.27154	13158.14997959137
54	3753.8596	1211.327	4655.33	1191.8723	5226.2534	134.89719	5453.519	5033.4917	896.36365	1000.0	539999	215.04677	94.39857	351.6053	-195.38658	215.04588	94.39609	353.45523	-164.44836	0.37639964	4.0717025	92.86622	-18.389141	-215.3079	80.152245	13490.058502912521
55	3473.414	1230.2737	4647.0674	676.64923	3832.65	1675.7487	5398.692	238.77257	881.0909	884.4	549999	214.05528	99.88313	354.13303	-207.33952	214.05527	99.87996	357.49387	-136.53055	0.35938472	4.1554866	118.39186	-14.784489	-214.3251	80.04601	13820.245932340622
56	3657.42	1255.1233	4736.011	1144.514	4569.8213	1103.3241	5195.364	1331.0867	847.1667	918.1	559999	215.31953	103.866875	361.3818	-164.34702	215.31924	103.86566	361.12064	-209.81885	0.41779146	4.2048187	121.46587	-14.820696	-215.5859	80.81508	14145.457950353622
57	3664.0427	1465.6216	4766.5376	448.90463	4606.6084	1282.5078	5375.918	1175.7722	792.5	923.4	569999	218.01186	106.31957	363.42526	-190.30345	218.0113	106.316315	365.19077	-306.232	0.4557295	4.2155857	128.91951	-16.918583	-218.27792	81.29145	14461.857009410858
58	4230.5093	1339.243	4923.2856	22.080936	4749.0376	1461.1644	5532.085	393.14175	910.5455	909.3	579999	220.84831	107.966736	362.95645	-166.98366	220.84778	107.96364	364.89395	-181.52843	0.50911725	4.2297196	116.95834	-15.832588	-221.09035	83.323044	14765.895885705948
59	4037.887	1308.121	4859.691	255.63719	4251.532	1707.3832	5349.654	112.94988	885.9167	904.3	589999	223.29016	109.40702	366.47528	-212.2669	223.28947	109.4083	368.8038	-344.19897	0.57098275	4.2486353	116.52176	-17.995338	-223.52036	83.76575	15054.526123523712
60	4242.0654	976.5877	4920.142	1380.4227	5036.133	699.35944	5542.7905	2984.5254	915.2727	952.5	599999	226.46991	110.825165	369.8656	-171.32928	226.4693	110.82433	371.45126	-160.65474	0.65234625	4.2609553	119.360275	-19.195427	-226.69376	85.385735	15340.220039129257
61	3745.9954	1666.7646	4960.3135	115.89501	5120.8022	83.513756	5272.366	4983.7197	839.4545	1000.0	609999	228.99411	112.12486	373.88177	-170.52838	228.99367	112.12443	375.32382	-218.98508	0.6791201	4.255974	114.73032	-14.016896	-229.19635	84.928635	15612.001090288162
62	4051.4749	1068.7783	4865.0547	1566.1509	4874.079	781.00214	5422.0054	2609.5085	874.6667	951.6	619999	231.81853	113.299995	378.58838	-377.83194	231.81755	113.302345	374.26855	-304.05228	0.6645749	4.2625017	120.57501	-16.110823	-232.01096	83.55474	15868.951330661774
63	4619.8926	477.43918	5122.749	3342.4265	5399.2036	146.13782	5642.887	5110.713	969.7	1000.0	629999	234.54434	114.30737	378.8893	-120.90117	234.5435	114.30769	380.6291	-222.08975	0.7547706	4.2949815	80.686134	-14.804953	-234.73822	86.3669	16130.335842132568
64	3864.011	1396.4442	5070.3867	1140.7386	4536.888	2007.0233	5811.194	65.69456	813.0833	824.0	639999	238.07436	115.61092	422.50537	-177.5909	238.07433	115.60933	417.2512	-186.17963	0.87734497	4.342262	114.04275	-14.968447	-238.27985	91.51868	16397.8677380085
65	4656.174	416.41223	5023.4644	3421.8538	4878.917	104.196144	5037.6836	4677.3174	972.9091	1000.0	649999	240.91911	117.769936	447.4891	-151.70532	240.91835	117.771866	437.15292	-181.29617	0.8760874	4.2745724	98.644066	-17.454506	-241.0664	90.5982	16664.119451522827
66	3643.5369	1515.8895	5088.59	1224.1793	5083.232	934.63904	5721.897	2318.9214	766.3077	943.9	659999	243.28778	117.9126	387.19473	-201.8125	243.28809	117.91494	385.3409	-322.06653	0.81834054	4.26268	81.11285	-16.000967	-243.4327	89.58519	16918.99436545372
67	3875.152	1609.8691	4982.453	964.15894	5159.448	420.19962	5602.1265	4114.595	810.5	980.2	669999	246.51682	118.099884	388.2617	-228.3394	246.51712	118.10195	393.47055	-252.41495	0.91398543	4.3469443	93.745804	-14.837734	-246.6748	92.47102	17176.84643292427
68	3773.5042	1740.4889	5087.3438	50.3231	2069.5825	1797.5859	5278.525	39.54312	786.61536	443.7	679999	249.14668	118.75187	395.9213	-503.78885	249.14632	118.75602	391.72202	-294.27377	0.9676024	4.3496547	123.98809	-14.170675	-249.28787	91.95897	17427.327294111252
69	3298.8694	1835.421	5139.4995	299.34503	4928.934	1538.3954	5638.7446	331.61166	903.36365	909.4	689999	251.36382	120.30065	495.684	-207.55167	251.36322	120.300835	492.5457	-181.0382	0.9826364	4.3571334	119.651825	-15.232792	-251.51273	95.02271	17685.178734064102
70	4601.0977	580.88715	5098.1685	2937.528	5057.963	880.0573	5647.223	2602.1917	959.6	1000.0	699999	254.41522	122.08694	628.91583	-200.83691	254.41463	122.088974	631.882	-203.6935	1.0079086	4.322724	142.75705	-14.512991	-254.5753	97.74494	17950.0782494545
71	3668.925	1844.8494	4970.2373	115.218025	2954.266	2478.814	5239.235	-1338.6143	824.25	843.5	709999	257.75085	124.36756	815.1448	-262.3848	257.75058	124.36831	806.6493	-256.90744	1.0941545	4.4213104	93.300575	-16.457504	-257.92725	108.08482	18273.42203426361
72	1289.8196	2492.0193	5170.4634	-1629.3546	-37.27766	379.54907	833.6289	-489.91296	965.7273	813.2	719999	264.13223	132.75015	939.27374	-193.86095	264.1303	132.74405	949.4659	-168.67401	1.2836066	4.586311	118.974945	-14.949443	-264.50415	151.559	18589.908835172653
73	317.00583	1550.2969	4415.2603	-746.44434	4411.9272	1167.2809	5281.5693	2040.68	934.7	887.9	729999	276.25378	137.49313	785.8714	-267.9882	276.25363	137.49348	786.0755	-167.9276	1.1833317	4.4174123	91.855	-14.615606	-276.62537	130.18576	18891.675154924393
74	4114.804	1327.7261	5045.9604	1063.0774	5486.969	130.46097	5656.8223	5259.4453	1000.0	1000.0	739999	269.3845	130.5747	441.8274	-235.32784	269.38513	130.57678	440.20023	-270.8788	1.0100015	4.342822	131.34534	-14.397945	-269.4926	103.0028	19191.896634817123
75	4921.129	119.85132	5110.5405	4690.6816	4017.0938	2447.5066	5808.8613	103.88128	1000.0	720.5	749999	264.8066	126.98332	411.5347	-191.68901	264.8065	126.98614	411.61914	-182.204	1.0375403	4.357924	118.00246	-16.500906	-264.92667	99.00856	19490.239078760147
76	4182.9854	1426.9803	5166.0137	524.12067	5408.3384	119.28103	5528.538	5191.7627	880.25	993.2	759999	263.594	126.44703	405.28976	-239.66423	263.59323	126.4513	407.92075	-232.56563	1.0448718	4.326918	72.60347	-14.450123	-263.72916	94.366615	19780.670929908752
77	4828.88	365.8785	5097.141	3996.138	5534.544	141.0736	5763.4414	5215.582	979.4	1000.0	769999	265.0011	126.27089	409.1283	-267.6692	265.00153	126.272255	410.4134	-286.0913	1.1149668	4.351162	138.46645	-13.995274	-265.13498	95.37559	20041.34028339386
78	4409.27	1430.9568	5293.7363	904.86084	5583.2876	56.450184	5654.5386	5479.114	874.7273	1000.0	779999	266.7517	126.416	410.91675	-205.71558	266.75085	126.41765	412.0252	-214.68092	1.1116815	4.3005505	75.28617	-13.959757	-266.8607	93.33899	20302.891441345215
79	4695.7266	815.38995	5164.781	2150.459	5314.1113	107.140175	5481.1753	5143.8716	950.5455	1000.0	789999	268.18277	126.3063	411.03452	-329.11014	268.1831	126.30699	413.14667	-234.0585	1.179327	4.3283195	116.88945	-15.230397	-268.29614	98.7434	20572.32496905327
80	4450.356	1316.3892	5190.6675	990.57043	5578.6357	77.20444	5698.7515	5440.684	883.63635	1000.0	799999	271.26474	126.76286	412.07626	-205.30305	271.2646	126.76252	418.60593	-165.7353	1.2160586	4.3165135	103.86863	-15.964906	-271.39047	95.4521	20845.49770641327
81	5057.6406	134.90236	5287.2524	4793.3574	4594.8257	1452.7988	5892.2363	2147.6655	1000.0	814.9	809999	273.2161	127.61815	414.3501	-228.67368	273.21582	127.61746	416.44724	-298.4811	1.2666312	4.3513227	82.58734	-17.131609	-273.3115	96.723564	21107.415424108505
82	5080.809	158.70523	5398.642	4778.464	5169.1455	968.9771	5647.415	2274.3118	1000.0	943.7	819999	275.22763	127.49389	416.02582	-323.27084	275.2279	127.493774	418.27304	-237.51257	1.3052838	4.3631473	140.25153	-16.946165	-275.30737	95.37845	21369.220756292343
83	5090.009	141.08633	5322.442	4831.915	5603.5312	77.336845	5748.3228	5465.049	1000.0	1000.0	829999	276.643	127.62748	414.86456	-199.29152	276.64288	127.62964	415.36813	-253.79335	1.2659913	4.355338	146.40015	-14.782649	-276.7118	94.1739	21637.781875133514
84	4812.839	766.4876	5256.0024	2442.0164	4644.9023	1386.4357	5632.664	2136.4985	954.36365	838.5	839999	279.01657	128.19505	418.33957	-302.9765	279.01727	128.19983	421.24942	-479.3342	1.3116906	4.310732	93.09191	-15.127338	-279.09235	94.14149	21917.01337814331
85	4814.147	747.3331	5208.1416	2590.6377	5242.2563	634.86676	5637.686	3365.336	954.8	960.8	849999	281.54504	128.76628	419.32068	-321.6993	281.54492	128.76837	418.70032	-357.8859	1.3370628	4.334991	157.6942	-15.639302	-281.6329	95.38146	22188.557854175568
86	4968.7075	377.73816	5265.397	3974.6655	5017.479	1437.5084	5720.299	787.65314	979.9	891.0	859999	284.24188	129.23286	420.56302	-269.73373	284.24176	129.23764	421.1132	-239.69324	1.3551207	4.4045596	138.30106	-14.21212	-284.33453	92.07936	22450.40851712227
87	5109.2617	144.68184	5307.992	4931.604	5430.6196	1245.1927	6037.374	1710.6692	1000.0	930.8	869999	286.75287	129.56615	423.78842	-310.11935	286.75308	129.56908	424.17676	-246.94345	1.4203624	4.3903446	164.48245	-13.051447	-286.8214	92.89574	22712.32731795311
88	4969.227	366.47168	5222.8633	3875.2292	4758.1733	1377.9556	5495.497	647.65735	980.0909	914.5	879999	288.26968	129.43161	424.9209	-295.58768	288.2695	129.42892	426.03195	-235.99342	1.4242054	4.387859	179.08408	-14.4167	-288.3406	91.60355	22980.60732936859
89	4638.442	1382.9764	5375.378	329.57083	5682.161	134.828	5962.465	5426.6304	911.2727	1000.0	889999	290.61575	129.4003	424.2833	-284.97116	290.61563	129.40395	425.91837	-202.2432	1.4561764	4.3909435	189.81822	-14.96003	-290.65955	93.04022	23249.87982416153
90	4462.5854	1100.3447	5340.2964	1726.2585	5405.177	866.3004	5793.644	2814.0034	880.63635	954.0	899999	291.9056	129.83151	430.34882	-244.52316	291.90573	129.8334	426.49557	-245.95238	1.4534186	4.340938	153.68843	-16.11373	-291.93384	93.75338	23568.91573905945
91	4482.9316	1497.4426	5263.0146	32.83775	5761.4937	72.27017	5885.3965	5622.553	880.0	1000.0	909999	293.6322	129.54805	434.84695	-315.04892	293.6324	129.54881	427.06622	-299.69333	1.4747189	4.3268223	103.10515	-16.14854	-293.66025	95.484825	23900.26123189926
92	5130.126	102.00749	5320.842	4923.7607	4763.5747	1773.2759	5712.674	132.52132	1000.0	857.0	919999	294.95932	130.15253	432.42316	-205.81775	294.95923	130.1582	431.7719	-224.43617	1.5308812	4.3446584	141.6898	-13.802918	-294.9804	96.035866	24174.346294641495
93	4926.4106	705.3888	5380.67	2839.8381	5750.208	83.66042	5921.1777	5634.088	1000.0	1000.0	929999	296.21823	130.73378	433.5415	-291.82336	296.21832	130.73383	432.8931	-304.65802	1.5411941	4.316524	88.47415	-14.823997	-296.2507	96.40561	24448.67018008232
94	5114.1885	450.19357	5509.755	3748.018	5742.1387	106.38118	5875.85	5557.0986	977.8182	1000.0	939999	298.62805	130.37158	430.99615	-241.87418	298.62842	130.37463	431.35666	-199.61455	1.5081608	4.327162	107.5353	-14.852165	-298.66022	94.22123	24753.84874677658
95	4913.211	899.6986	5354.4243	2241.7983	5748.55	188.01378	6177.689	5448.0176	946.6	1000.0	949999	300.5846	130.60722	442.8304	-222.42404	300.58444	130.61235	434.83945	-481.3934	1.5232052	4.31402	117.410095	-14.8105545	-300.5785	91.288284	25067.91645526886
96	4851.149	1448.8333	5453.4326	277.51816	5664.8955	87.58346	5863.5415	5585.615	916.36365	1000.0	959999	302.2445	130.48117	435.3275	-307.30804	302.24435	130.48096	435.92474	-378.85645	1.5742464	4.3485026	139.0446	-14.204071	-302.2468	93.94578	25348.505108594894
97	4474.691	1467.9384	5370.906	249.11095	5743.992	156.82034	5964.2954	5479.0356	865.0909	1000.0	969999	303.37125	130.7857	434.99158	-234.20992	303.37158	130.78638	436.98972	-297.79495	1.5956084	4.3264823	111.57912	-17.677181	-303.3576	94.11539	25623.715049028397
98	5173.727	173.39635	5436.5107	4798.4185	5747.8	91.90251	5907.1987	5603.6753	1000.0	1000.0	979999	305.01392	131.16788	440.01453	-213.3616	305.01437	131.16641	441.25815	-237.51074	1.6136271	4.329297	160.84572	-14.162725	-305.00946	91.694984	25892.0908536911
99	4771.168	1482.6993	5638.351	349.32596	5758.3677	99.773834	5877.6187	5529.8687	1000.0	1000.0	989999	306.8164	131.41776	441.0661	-186.7879	306.81613	131.42352	438.40582	-275.28256	1.6628218	4.3644004	125.65629	-14.090237	-306.79166	95.30977	26160.59873318672
100	5246.377	117.13011	5439.953	5048.5684	5848.0747	90.57014	5966.0117	5653.763	1000.0	1000.0	999999	308.34622	131.52109	446.41846	-280.4217	308.34607	131.52304	442.30515	-258.37378	1.6593156	4.3694434	132.5649	-14.723388	-308.3127	93.90845	26457.016622543335
101	5282.347	150.29646	5614.657	5046.868	5288.7837	1172.9711	5951.4243	1783.6959	1000.0	933.7	1009999	310.58948	131.53288	445.06747	-311.4952	310.589	131.53575	445.1945	-235.50726	1.6754673	4.33059	102.44679	-16.402534	-310.527	94.04713	26783.919952392578
102	4862.037	1267.571	5556.865	893.1627	5660.328	517.2347	6050.8306	4198.9014	925.7273	972.6	1019999	314.0352	130.689	443.03336	-214.55966	314.03497	130.68813	443.7738	-203.12955	1.6088465	4.3264775	113.24201	-14.325621	-313.94595	87.827225	27113.274424791336
103	5240.9946	108.95878	5421.397	5048.056	5386.9404	1124.7162	6022.4385	2042.5962	1000.0	939.2	1029999	317.38712	129.15164	445.9928	-265.98865	317.38666	129.15413	445.9403	-308.03836	1.6694627	4.304434	123.56084	-14.632324	-317.2672	90.34145	27444.855542182922
104	5045.346	598.9884	5475.854	3322.0806	5353.881	135.56429	5577.5747	5038.3345	989.5	1000.0	1039999	320.70215	128.29803	445.7329	-220.50931	320.7013	128.30312	446.67905	-423.57208	1.8207191	4.3153157	138.059	-14.874963	-320.5637	92.585625	27760.029101133347
105	5172.018	241.91742	5424.1963	4521.819	5520.88	149.83313	5907.0435	5377.87	986.4545	1000.0	1049999	324.1036	127.195526	446.58664	-364.71155	324.10345	127.198296	447.29922	-310.7753	1.8352791	4.2776976	92.641884	-15.327066	-323.94165	90.12324	28072.60356235504
106	4343.649	1577.0785	5465.716	551.7257	5214.9688	1465.5599	5906.9014	851.131	827.0	916.2	1059999	327.8245	125.520515	449.4952	-227.01506	327.82468	125.52365	449.68713	-220.99522	1.8414605	4.232315	95.64024	-15.491352	-327.6403	92.93913	28352.493735551834
107	4556.608	1290.9841	5397.718	1401.0155	4982.2627	1427.0044	5991.4893	1893.4197	872.0	853.2	1069999	331.11578	123.62872	448.55893	-240.30124	331.11548	123.632835	448.6222	-260.08545	1.8724855	4.22663	113.152306	-14.309894	-330.89145	91.137764	28629.741960048676
108	4651.6685	1618.7499	5496.0273	185.13219	5287.0127	1417.2072	5972.315	1058.5948	872.8333	921.2	1079999	333.6088	122.79376	448.47946	-374.13013	333.60803	122.79678	450.85574	-270.74695	1.8990253	4.21265	105.81096	-16.15394	-333.39597	92.43124	28946.305027246475
109	4841.9756	1198.1854	5461.22	1273.7601	5747.033	100.80654	5835.957	5513.186	924.2	1000.0	1089999	336.86453	121.27422	451.50842	-211.73648	336.86447	121.2749	452.61917	-215.0133	1.9542581	4.2364087	138.02396	-15.397245	-336.60248	93.85859	29277.600720882416
110	4767.3813	1501.201	5514.752	91.82397	5564.2764	722.22974	6008.783	3445.1113	900.8182	961.6	1099999	339.88416	119.460915	451.5105	-240.03961	339.88324	119.466545	451.73312	-233.99843	1.9561526	4.189346	105.30398	-20.257359	-339.61926	91.4701	29553.54963684082
111	5190.478	395.2323	5482.295	4000.721	5714.196	119.51343	5854.6396	5493.2285	976.2727	1000.0	1109999	343.3671	117.00927	449.49863	-210.01956	343.36734	117.01028	451.70496	-191.54439	2.0788522	4.156022	138.53986	-14.82119	-343.0761	91.30205	29823.574115753174
112	4448.874	1732.5696	5548.7563	267.60648	5884.9546	104.35991	6043.708	5720.7993	849.4545	1000.0	1119999	347.15567	115.42291	453.05865	-258.71463	347.1555	115.424706	452.83475	-194.71863	2.0744886	4.155695	120.12378	-17.124477	-346.83636	91.24579	30096.537434339523
113	4860.267	1056.8688	5528.4663	2602.9507	5819.12	141.17485	6096.5825	5656.551	905.4545	1000.0	1129999	350.28647	113.42466	451.66174	-220.12695	350.28552	113.42954	454.92398	-283.93625	2.0872726	4.0911956	96.75653	-13.840115	-349.96082	91.453964	30372.337468385696
114	5228.5425	475.38516	5508.7314	3748.447	5802.4287	111.12638	6004.967	5618.902	976.8182	1000.0	1139999	354.13632	111.09923	452.58063	-227.39688	354.1361	111.099174	455.0027	-227.92906	2.1689339	4.043078	123.87326	-16.427467	-353.79636	92.46946	30673.018775701523
115	5187.618	523.77405	5559.222	3704.3206	5581.033	1018.1495	6057.569	2541.21	974.1	947.5	1149999	358.23547	108.78965	457.36835	-194.18048	358.2351	108.796646	457.9887	-245.78351	2.2202291	4.0093293	131.01468	-13.730694	-357.8857	94.24227	30996.451839208603
116	5245.1875	439.566	5497.55	3941.1558	5429.047	992.71906	6110.6978	2899.0037	974.0	972.1	1159999	361.84122	106.61366	459.19635	-264.43628	361.84125	106.614655	469.10968	-216.09883	2.250621	3.9975882	121.3138	-13.408194	-361.4774	93.02019	31294.970922470093
117	5114.711	644.93396	5637.825	3336.8547	5695.8467	727.3525	6111.684	3547.6606	949.4545	957.9	1169999	364.4957	105.095505	456.93713	-524.2469	364.49557	105.097084	456.3105	-285.2569	2.342102	3.947455	129.54735	-16.502598	-364.10904	94.09474	31579.370029211044
118	3860.598	2120.3894	5687.9365	218.25955	4053.5085	2179.3489	5845.999	192.96375	757.6923	708.6	1179999	367.00702	103.17596	460.28226	-345.22775	367.0061	103.179665	462.2073	-225.10783	2.3189676	3.9496386	94.65017	-14.684614	-366.6031	91.86399	31860.20738387108
119	4923.1035	1115.2812	5666.1685	2129.8796	5527.314	966.75024	5984.6787	2654.8018	911.2727	937.5	1189999	370.1335	100.741005	459.3953	-315.42395	370.13312	100.741196	458.5921	-313.33914	2.3371475	3.9077468	104.34458	-14.432053	-369.72092	93.00496	32142.908814907074
120	5161.9233	660.83325	5489.7397	3210.2346	6001.3804	148.62814	6256.8706	5779.2993	948.3	1000.0	1199999	373.32205	99.05548	463.30032	-221.50317	373.3216	99.05907	460.68796	-192.75134	2.369299	3.910598	131.26057	-16.518538	-372.88553	89.171684	32423.535638809204
121	4890.9614	1498.4509	5476.474	159.61174	5875.2544	112.82677	6083.344	5684.0894	913.2727	1000.0	1209999	376.04086	97.77032	459.97406	-282.8536	376.04065	97.77287	463.897	-303.79153	2.4156816	3.9189954	139.50647	-15.771668	-375.5887	94.921814	32704.894084453583
122	5470.0083	123.01373	5659.6885	5291.607	5945.968	131.27086	6271.277	5775.344	1000.0	1000.0	1219999	378.43402	96.33352	467.3234	-229.05266	378.43384	96.33588	462.74554	-306.6715	2.4520917	3.8855367	162.26517	-19.053806	-377.9577	95.64683	33001.509528160095
123	5484.837	115.08782	5624.878	5273.726	5505.4277	185.19458	5838.227	5199.5093	1000.0	1000.0	1229999	381.14337	94.848175	462.75745	-254.81767	381.14273	94.85794	464.90652	-261.10944	2.4673142	3.8769796	184.39047	-18.145582	-380.6501	91.7615	33347.08807229996
124	5063.521	987.7794	5508.0	1960.2023	4970.7793	1998.583	6076.489	244.02174	944.1818	838.0	1239999	384.94772	91.83083	463.4149	-230.09734	384.94742	91.83066	467.08444	-304.63712	2.4563167	3.887244	126.58316	-13.8925495	-384.4529	91.61967	33657.584644556046
125	4652.387	1755.6624	5601.6006	902.0637	5427.5264	1379.2318	6111.1304	1346.7006	853.1818	986.2	1249999	387.49658	89.69449	466.6775	-201.50716	387.4965	89.697685	467.08295	-462.62598	2.4394267	3.8437824	96.385544	-15.676176	-386.9927	86.311676	33942.50294184685
126	5455.0083	119.71117	5669.279	5192.6685	5963.431	164.3179	6152.646	5633.5337	1000.0	1000.0	1259999	390.4373	88.538765	467.90262	-306.50446	390.4375	88.540764	468.8372	-263.1716	2.4682496	3.8679988	109.0052	-13.367834	-389.91187	89.37635	34230.112983465195
127	5075.4307	1149.8397	5589.8096	1452.0281	5598.429	1237.8792	6253.3545	1904.4847	933.0909	1000.0	1269999	392.50995	86.94212	466.91858	-293.58963	392.50922	86.94858	472.5291	-334.6663	2.5243707	3.8430233	90.88224	-14.458157	-391.9672	92.24935	34524.34423971176
128	5425.3354	121.596664	5588.8774	5210.859	6176.416	117.54631	6376.77	6014.8643	1000.0	1000.0	1279999	395.33774	84.30619	466.94757	-276.71713	395.3374	84.31149	469.90155	-393.61087	2.4613528	3.8055236	101.08829	-15.006909	-394.79263	94.28168	34839.3389313221
129	5049.8403	935.6415	5738.099	2309.5122	5880.567	92.49786	6048.671	5780.245	926.8182	1000.0	1289999	397.02234	83.21801	469.75607	-315.8213	397.022	83.22294	472.7179	-240.49207	2.4664767	3.807868	103.48682	-17.33028	-396.43756	88.528534	35189.17989253998
130	5483.274	133.66994	5732.4224	5305.9556	5836.9575	132.53545	6026.655	5576.9814	1000.0	1000.0	1299999	399.03223	82.72265	470.55475	-247.04036	399.0314	82.72064	473.9433	-372.9532	2.4658217	3.8532555	99.9305	-15.25928	-398.4499	85.73675	35525.071845293045
131	4942.9927	1253.6921	5664.291	1253.0028	5745.3413	1360.8368	6461.5825	1676.8267	909.4545	926.8	1309999	401.97717	81.26944	470.7722	-403.08063	401.97696	81.26865	477.34357	-355.45172	2.413416	3.8178566	95.32829	-16.840052	-401.41174	81.60796	35855.38263630867
132	5025.824	1241.0205	5627.133	1319.1343	6003.044	129.29323	6197.477	5713.4834	1000.0	1000.0	1319999	403.99985	80.99661	472.7522	-409.8576	403.999	80.99922	474.72913	-367.87714	2.4382195	3.7901428	111.01509	-15.735866	-403.4245	83.45601	36148.460794210434
133	4610.9233	2007.8928	5691.427	102.036415	6078.7485	83.18471	6279.066	5983.016	839.9167	1000.0	1329999	406.08972	80.67004	476.6954	-259.26477	406.0894	80.66855	476.96225	-225.16336	2.3913486	3.7873778	83.0924	-17.471882	-405.49472	78.81497	36435.86098098755
134	5370.52	400.78873	5667.1646	4200.7046	5485.5884	1323.8774	6142.304	1535.5671	977.5	927.9	1339999	407.2714	80.82739	476.73294	-307.7008	407.27097	80.83203	475.7734	-369.39017	2.3819823	3.803394	73.99501	-15.958225	-406.64615	84.18443	36724.486921310425
135	4919.6553	1518.903	5733.6367	340.93903	5122.258	1894.935	6117.7944	55.1656	894.0	902.2	1349999	408.9	81.13378	477.9726	-397.38464	408.8994	81.13391	479.9626	-292.8371	2.3917065	3.7891786	85.280106	-17.174465	-408.28146	79.87209	37017.41677951813
136	4856.098	1419.1896	5717.431	1780.4802	6128.152	119.88604	6321.6797	5977.1797	942.0	1000.0	1359999	411.16553	79.88786	475.7673	-318.14136	411.16544	79.88939	478.34656	-324.12872	2.364882	3.788676	98.260956	-13.902193	-410.5264	78.70482	37348.724448919296
137	5534.702	140.85428	5745.211	5248.7793	5873.5117	81.820435	5958.9727	5668.774	996.3	1000.0	1369999	412.81427	79.291435	480.90195	-291.57812	412.81335	79.302216	480.0259	-245.93439	2.421508	3.8018641	93.04289	-15.720019	-412.1788	81.38355	37704.08761239052
138	5514.785	300.16788	5749.212	4705.074	5711.0615	895.9684	6125.351	3034.147	988.0	1000.0	1379999	415.02472	78.37159	483.89194	-230.74022	415.02423	78.37735	479.07892	-235.51582	2.4011123	3.7931333	61.725212	-15.354821	-414.4116	76.46996	38004.090527296066
139	4823.419	1409.7452	5881.024	1528.9816	5786.543	1176.8442	6323.606	2261.6807	928.9091	938.0	1389999	416.82364	79.689705	496.3329	-258.2609	416.8234	79.69099	482.63284	-173.48465	2.3607879	3.825612	68.317986	-18.468561	-416.18845	77.23954	38301.05201077461
140	4840.246	1833.6138	5798.846	34.098614	5914.5024	487.12634	6189.891	4477.3457	860.75	977.2	1399999	417.54562	80.667076	483.73877	-234.26122	417.5455	80.671364	488.5283	-425.6132	2.402226	3.7841294	120.69203	-14.002818	-416.88565	80.36989	38591.414135694504
141	3950.1155	1972.9757	5879.0996	152.92108	5732.961	1343.7217	6340.8843	1713.8527	710.3571	928.6	1409999	419.24347	80.37474	485.56247	-261.7235	419.2429	80.375206	486.68695	-281.6432	2.3751085	3.8179698	138.83359	-16.794617	-418.61575	78.82887	38881.56853270531
142	4683.068	1945.9783	5814.8604	286.81418	6208.572	74.514114	6297.6763	6035.17	844.0833	1000.0	1419999	421.02237	80.1642	484.7603	-344.3768	421.02258	80.17187	487.00726	-256.16803	2.363527	3.817233	92.801926	-14.985664	-420.3695	79.704926	39214.02820110321
143	4465.132	1828.018	5665.3403	652.6097	5829.112	42.108147	5903.278	5769.1167	818.8182	1000.0	1429999	422.01126	80.88879	490.1301	-348.43344	422.01144	80.885864	494.70697	-241.363	2.3787327	3.8522933	100.118774	-14.417008	-421.3521	81.39031	39544.228232860565
144	5187.4556	1106.3029	6018.516	1774.4653	6235.27	105.92611	6420.873	5998.31	938.36365	1000.0	1439999	423.25598	79.35431	486.34088	-177.69337	423.25616	79.350685	488.22046	-292.74274	2.3675706	3.8470237	110.00278	-15.913824	-422.59274	77.953026	39834.05569577217
145	5638.309	127.29843	5853.6787	5460.3467	5632.6846	1286.6646	6159.981	1780.876	1000.0	928.8	1449999	426.09766	76.29586	489.21082	-220.55185	426.0981	76.29972	490.35962	-174.80533	2.4329002	3.8612452	74.32135	-15.201366	-425.47296	75.9789	40128.11995887756
146	5523.4995	112.43371	5667.8794	5250.782	5696.628	1447.2903	6323.3516	1366.408	1000.0	1000.0	1459999	429.67502	71.54167	503.00235	-259.04825	429.6754	71.536224	507.2925	-348.57092	2.4602609	3.9697669	71.96681	-15.194187	-429.0503	74.47975	40498.95270752907
147	5537.8115	123.74373	5743.75	5396.22	6240.0005	94.73249	6443.2256	6062.258	1000.0	1000.0	1469999	431.42032	71.53924	513.8073	-212.4234	431.42166	71.53063	502.2012	-280.00708	2.384943	3.9483273	69.81682	-13.991915	-430.7709	75.68804	40865.05858182907
148	5479.7607	169.69026	5675.0205	5162.686	5411.1616	1628.1401	6413.4995	1629.6415	997.0	876.1	1479999	431.5112	72.73359	569.4772	-484.02356	431.51166	72.717	581.36597	-280.42703	2.316829	3.908586	67.08009	-14.598759	-430.8313	79.448715	41218.505720853806
149	5576.8384	130.56023	5822.0913	5434.7754	6203.3228	88.16594	6361.3564	6068.114	1000.0	1000.0	1489999	432.0595	74.3992	585.8303	-422.4563	432.0598	74.39828	580.3609	-250.29176	2.2142918	3.8983238	89.365555	-15.833316	-431.3887	74.087234	41530.610303640366
150	5317.9297	859.2122	5862.316	2758.91	6167.812	349.4092	6478.1934	5223.5166	1000.0	985.2	1499999	433.63907	74.82949	579.3144	-336.6332	433.6389	74.82936	573.07306	-250.5435	2.267744	3.79496	69.01223	-15.778564	-432.9471	74.26065	41832.43492460251
151	5637.657	140.21802	5910.75	5367.113	5422.0347	1536.4825	6230.3584	1204.8158	1000.0	889.7	1509999	435.78043	73.69358	531.04236	-334.08392	435.7799	73.691124	536.06305	-482.2181	2.2702103	3.7511353	107.34805	-15.633984	-435.0843	74.355736	42125.86138486862
152	5166.4175	981.1639	5750.752	2333.6611	5944.6196	582.76416	6264.174	4216.6685	949.9091	970.3	1519999	438.6646	69.92304	590.15607	-296.56912	438.66458	69.921074	597.42065	-250.40704	2.266841	3.7564201	94.84068	-13.566826	-437.95694	73.64546	42421.93644165993
153	4752.705	1619.9437	5819.422	341.93005	5863.9907	117.40224	6033.108	5706.643	850.5455	1000.0	1529999	440.24252	66.96069	920.453	-266.3835	440.24326	66.94699	899.24207	-245.35321	2.3066754	3.7650855	106.89938	-15.527132	-439.5682	76.52188	42724.98903417587
154	-523.67706	2382.5525	5684.069	-2051.0293	-1095.6055	336.25607	-466.7362	-1400.4943	1000.0	1000.0	1539999	699.1859	199.35002	1455.6321	-197.07349	699.19214	199.33475	1476.5822	-262.8756	8.478074	7.0421686	133.32285	-12.951193	-710.9356	470.04785	43030.461399793625
155	-1545.7765	617.5381	-724.2628	-2781.2124	-2068.108	1015.30206	-35.518173	-2725.9233	984.0	803.9	1549999	892.94324	152.99536	4464.297	-353.1354	892.94934	153.00609	4449.9824	-384.44812	8.086588	9.013281	122.47302	-13.814476	-904.2524	608.0575	43333.04162144661
156	-567.3036	942.40936	-8.751482	-2780.917	-1632.1539	1076.3508	-25.62727	-2594.502	232.9762	708.9	1559999	2290.1904	793.70825	10870.835	48.591026	2290.207	793.7369	10874.914	3.4186049	20.386656	10.94821	153.77145	-9.602222	-2347.5088	6512.494	43636.51954269409
157	-1391.8761	1014.3644	-90.48369	-2500.723	-821.60876	781.88684	-19.445602	-2099.4841	636.86664	537.5	1569999	3630.976	976.9031	12138.687	-591.30786	3630.9736	976.9717	12066.183	-777.89923	18.961763	8.111669	168.04701	-8.610529	-3680.322	8907.892	43930.27764439583
158	-1535.8771	590.15497	-89.91615	-2310.7422	-1498.004	742.75055	-32.154385	-2554.635	912.63635	902.7	1579999	3845.0205	926.1537	12747.148	-1140.8528	3845.019	926.2083	12402.075	-1101.7137	15.071016	6.0149074	150.55011	-10.836951	-3873.9429	6616.811	44229.058691740036
159	-1171.8354	644.1832	-32.861385	-2146.9353	-975.4865	676.5027	15.538109	-2053.1575	840.75	807.2	1589999	3594.6128	749.057	11874.474	-2492.439	3594.6033	749.0739	11725.758	-2025.4669	15.124309	6.124115	135.28886	-9.483639	-3621.8845	5229.9146	44568.13711690903
160	-772.0766	555.59546	-4.0685916	-1848.6686	-1103.4875	430.30865	-14.404279	-1507.286	743.5	905.0	1599999	3193.9792	545.3434	10096.269	-1189.758	3193.973	545.3102	9929.539	-1353.1315	12.774732	5.690349	193.36394	-10.6657915	-3210.683	3282.4036	44923.15965151787
161	-779.2142	503.10162	-0.07245617	-1718.8102	-928.48376	323.06192	-81.95102	-1203.6385	810.0	1000.0	1609999	2519.2683	400.9437	6333.051	-2364.752	2519.2644	400.8597	6362.8945	-1778.2156	9.086728	5.4828043	162.55807	-15.035778	-2525.992	1972.757	45271.764023303986
162	-743.91785	335.40433	-329.366	-1264.7212	-430.69052	328.57126	-53.621162	-876.58826	968.6	1000.0	1619999	2000.6708	222.36119	4260.5283	-2621.079	2000.6702	222.29965	4246.485	-1581.1066	9.896276	6.1224794	167.48654	-13.63762	-2010.2754	1583.5736	45604.98001217842
163	108.75736	654.21716	1295.3868	-953.8377	532.41003	606.02637	1257.7916	-848.683	847.9167	723.0	1629999	1588.599	196.52582	2955.9856	-1589.5138	1588.6017	196.44873	2945.5566	-1219.0272	5.4497557	4.791464	107.575264	-16.411705	-1589.9508	790.9603	45903.77786540985
164	690.7792	693.885	2409.781	-12.806598	2466.0208	1457.9021	3794.1328	-539.1428	517.9474	1000.0	1639999	1157.559	128.55739	1924.5854	-2690.7808	1157.5577	128.50648	1919.3527	-1928.9039	3.7439044	4.2480307	121.07323	-15.891593	-1157.8287	409.1953	46205.63679099083
165	610.18695	1006.09705	2597.77	-1184.4415	1322.7021	1616.748	4118.2305	-792.21967	720.8571	638.1	1649999	871.87354	92.89211	1292.6361	-951.5429	871.8766	92.89421	1296.9281	-936.83905	3.4313898	4.181963	127.034775	-15.198012	-871.6576	263.10275	46501.86547636986
166	1457.4578	1810.6959	3780.0205	-1572.4218	2162.2068	1573.4751	4072.7346	-970.8732	815.7692	846.4	1659999	691.8776	78.763565	1055.1696	-743.6579	691.8787	78.76625	987.9212	-847.10474	3.3821785	4.0137963	127.29955	-16.527283	-691.5882	218.63757	46815.349907398224
167	2120.7087	1618.9241	3923.062	-143.89502	3723.6582	1514.9719	4751.5146	15.995994	829.8333	838.4	1669999	579.54285	78.21828	808.02905	-839.17633	579.54553	78.244995	811.6314	-775.42645	3.192645	3.833959	95.29167	-17.120184	-579.1364	189.55913	47162.86536073685
168	2441.3381	1693.0784	4619.7407	-519.56866	4531.099	1194.5404	5137.2896	997.1437	674.3333	1000.0	1679999	506.55487	86.61553	610.9216	-513.7985	506.5568	86.61843	822.40643	-506.97662	3.038317	3.7072477	83.36497	-16.529736	-506.0529	155.92476	47517.161833524704
169	3235.4766	1852.4459	4720.076	-400.37793	4581.3857	1143.0447	5441.435	1928.475	896.7273	916.0	1689999	461.51123	96.83783	559.85175	-457.27216	461.51202	96.85391	558.5782	-739.52374	2.922175	3.744749	149.60306	-15.080563	-461.0103	145.74129	47878.87322974205
170	3445.405	1745.5721	4814.2764	375.88278	4373.922	1784.6589	5659.554	255.24445	818.5833	897.3	1699999	433.92014	106.50105	530.9728	-435.11786	433.92206	106.50412	528.9436	-616.54047	2.853512	3.6123672	101.88561	-15.428389	-433.40936	141.1767	48249.35351538658
171	3409.3203	1849.1399	4916.5767	277.6268	4944.9414	1685.4861	5805.523	47.15712	847.75	882.2	1709999	416.5298	112.60449	509.4304	-339.9677	416.53085	112.59744	522.44354	-325.123	2.700069	3.6582286	40.87645	-15.85408	-416.0634	129.20062	48601.82479047775
172	3793.455	1527.4723	5180.442	74.939575	3753.032	2035.4763	5518.8105	84.06893	806.1667	710.2	1719999	408.55908	114.30082	499.45468	-341.01578	408.55997	114.30082	506.7166	-347.51657	2.630408	3.6543484	68.11482	-14.354044	-408.1329	127.497	48907.834268569946
173	4158.256	1204.4792	5072.7314	1307.5027	4546.464	1380.2705	5369.6377	779.5365	864.1667	907.5	1729999	407.70566	112.07953	495.17435	-442.62744	407.70605	112.07966	674.4344	-470.45145	2.4993825	3.6939254	79.891945	-19.660229	-407.2796	116.57625	49215.856459379196
174	3837.739	1817.8193	5309.3003	-0.13830979	4746.0347	2052.905	6005.359	48.9314	762.0	824.9	1739999	407.2004	109.73458	500.26456	-435.63364	407.2003	109.73793	488.98727	-450.807	2.5582335	3.7360737	85.317635	-15.696396	-406.7667	116.97666	49523.25845217705
175	4427.0347	1294.4878	5307.4517	1680.7495	5731.2188	162.91734	5962.882	5507.9067	935.8182	1000.0	1749999	406.10184	111.66778	489.94116	-389.97885	406.10272	111.67415	489.00314	-321.73734	2.5642715	3.7092228	60.006214	-15.8998165	-405.6529	114.63563	49837.64050412178
176	3581.9504	1574.8119	5185.698	393.48422	2590.692	1878.1748	5728.0825	410.8722	796.9231	752.7	1759999	405.25055	112.818596	486.0255	-639.683	405.25052	112.825294	487.61795	-608.59204	2.4914136	3.7223651	74.33826	-15.140419	-404.8163	109.02494	50157.67497134209
177	4740.625	1449.3542	5508.33	191.67291	5594.4	703.9367	5972.152	3507.2751	914.5455	964.5	1769999	404.67828	114.02226	487.12924	-262.60632	404.6783	114.02162	496.92322	-278.5901	2.487276	3.720379	110.3253	-15.24099	-404.27637	109.5104	50484.561113357544
178	4364.344	1835.764	5413.1094	49.587524	5110.2534	1667.7213	6069.746	181.90923	844.0833	892.5	1779999	405.86658	112.17499	493.56412	-266.78314	405.8664	112.17357	497.68408	-292.71533	2.5598197	3.7656205	82.94206	-16.169647	-405.47385	107.73992	50818.69276022911
179	4990.636	551.5297	5534.078	3584.7942	5458.5664	1232.7351	6001.954	1788.367	954.4	932.5	1789999	406.598	111.70099	489.49792	-215.62485	406.5984	111.7065	490.0435	-238.6241	2.533657	3.7725723	143.82072	-16.476217	-406.17743	101.483025	51178.75449037552
180	4924.7275	944.05286	5401.216	2217.9958	5995.4976	85.62794	6198.873	5896.3193	982.9	1000.0	1799999	406.17	112.94714	489.14944	-474.49902	406.16974	112.94858	499.95743	-348.0894	2.5156314	3.7862003	79.22152	-14.828327	-405.7581	103.67193	51552.009276390076
181	4929.7515	1284.5819	5565.8506	1090.8105	5422.0166	1123.648	6103.8203	2089.073	1000.0	939.1	1809999	406.68698	113.32742	491.70856	-408.74814	406.6868	113.32578	491.0614	-213.26631	2.531189	3.7600503	121.95613	-14.465832	-406.2561	103.273834	51910.81113290787
182	5286.9277	136.74269	5371.6978	4894.27	4847.622	1738.954	5967.279	1248.0917	1000.0	922.2	1819999	406.39923	114.33441	488.81998	-253.63414	406.3994	114.33755	504.41013	-318.71237	2.5497332	3.7253354	83.85783	-14.482506	-406.0073	100.197975	52282.27000927925
183	4539.488	1913.323	5821.32	151.19897	5720.0366	1377.7865	6388.964	1603.4526	846.5	926.5	1829999	407.80936	114.3832	491.31046	-283.45816	407.80902	114.386826	491.00702	-227.78108	2.5872636	3.7753644	93.38332	-13.860867	-407.4287	98.81234	52669.93485236168
184	5052.861	922.44965	5518.8965	2295.846	5255.5244	1530.1597	5942.9526	703.8004	1000.0	905.4	1839999	408.95215	113.83322	494.8968	-525.7425	408.95184	113.83511	493.03766	-368.13043	2.6754086	3.8029263	75.774155	-15.15651	-408.56097	102.84596	53060.22499871254
185	4582.6196	1493.6708	5494.3413	319.34705	5428.2085	1582.531	6154.2046	722.95953	861.5	915.7	1849999	408.73053	115.41759	499.82315	-274.4253	408.73056	115.419624	493.0428	-256.53683	2.685628	3.8489609	86.93946	-14.341463	-408.3457	105.39356	53417.94433116913
186	4601.2026	1621.0045	5639.563	698.5	4914.698	1885.6256	6274.8433	1053.185	942.7	872.3	1859999	409.82446	115.52282	495.4545	-370.7237	409.825	115.52639	494.63605	-306.65628	2.5834572	3.8472881	79.35331	-13.964518	-409.43823	98.38777	53729.66203999519
187	5099.5684	733.81323	5706.095	3207.9443	4897.496	1892.7313	6184.2036	506.8708	939.1818	817.7	1869999	409.95776	115.76532	494.2483	-393.46597	409.95697	115.76837	497.38455	-466.69034	2.631424	3.8116987	98.97346	-17.182684	-409.5457	105.89662	54060.162306308746
188	5445.347	170.82408	5780.9883	5173.1978	5238.8877	1748.3015	6012.9644	7.071407	1000.0	897.2	1879999	410.36896	114.70661	499.20605	-267.13736	410.3696	114.706024	502.80383	-207.4328	2.6132135	3.8426154	87.03601	-14.878597	-409.99423	94.50808	54424.79904913902
189	4524.391	1526.4785	5588.282	1578.4982	5759.4346	1084.5896	6461.482	2539.1755	885.8182	942.7	1889999	410.9011	114.61953	496.78595	-539.31213	410.90192	114.61912	503.0255	-315.51218	2.6593099	3.8439028	83.189606	-13.581745	-410.54236	100.444	54751.47990679741
190	4767.2573	1424.7434	5638.0396	985.4449	5856.3115	149.22336	6014.676	5468.5474	886.5833	1000.0	1899999	411.34344	114.012436	510.83017	-277.54227	411.3431	114.0135	502.4274	-336.39615	2.6511738	3.8859587	133.41112	-17.159855	-410.93094	100.580414	55068.22564744949
191	4919.3525	1438.3458	5612.4536	630.95966	5879.9233	73.67238	6008.9326	5772.8936	912.6	1000.0	1909999	411.16965	114.75832	496.64053	-350.98633	411.16953	114.75743	497.73126	-418.24374	2.570101	3.8437262	95.049675	-19.799961	-410.77744	102.83692	55376.56609630585
192	5032.7305	1357.5925	5653.4688	746.87805	5938.6406	451.0552	6187.2314	4596.2935	922.8182	974.9	1919999	411.63116	114.94153	495.96207	-315.80325	411.63058	114.94798	495.76132	-325.44836	2.5564017	3.8344424	92.47499	-14.832594	-411.254	94.73909	55687.12910461426
193	5515.3564	139.6105	5745.5127	5214.237	5648.7124	1194.0367	6118.627	2071.8032	1000.0	1000.0	1929999	412.8171	114.41462	501.0665	-404.3929	412.81793	114.421646	497.16357	-323.71533	2.6361804	3.8421636	107.4363	-14.754461	-412.4454	101.87083	55998.48634457588
194	4998.9595	1482.3585	5585.8896	320.64053	5786.3193	907.26514	6306.815	3098.183	917.0	951.6	1939999	412.9797	114.28943	498.83527	-393.1881	412.97934	114.291	499.53574	-249.47314	2.6628163	3.889246	81.86368	-17.321518	-412.6096	103.05182	56311.05258965492
195	5247.3184	840.6681	5609.99	2597.0002	5858.724	929.1043	6333.8945	3104.314	952.2727	951.9	1949999	413.7796	113.603264	496.81638	-337.76105	413.7794	113.60578	498.89575	-266.48492	2.5925949	3.8620791	93.35467	-15.447407	-413.4063	95.69649	56630.72106337547
196	4351.811	1568.8602	5697.831	773.56775	4811.7603	1895.1167	5904.849	909.0026	799.25	921.2	1959999	414.7049	112.92683	501.29468	-252.07408	414.70477	112.93081	500.75217	-272.8545	2.6465957	3.9822862	82.937225	-16.867859	-414.34665	95.759	56950.20913410187
197	4245.6724	1698.7418	5713.8755	1237.0835	4716.4697	2106.4333	6143.479	161.846	770.9231	793.5	1969999	414.8787	112.53279	501.38086	-318.1897	414.87872	112.529655	500.22644	-274.676	2.6435668	3.9347434	84.7455	-15.770935	-414.50684	100.784836	57262.69507956505
198	5237.2227	938.0804	5766.4424	2303.8564	5742.0635	1102.2837	6209.693	2442.288	948.7273	937.0	1979999	415.1686	111.852806	499.50327	-320.1249	415.1691	111.85437	499.26797	-268.06522	2.667425	3.9603472	85.152306	-15.947163	-414.81183	97.8186	57578.04587435722
199	5263.213	435.36813	5667.437	4331.2095	6116.7705	100.63585	6278.43	5950.958	976.2	1000.0	1989999	415.50848	110.29168	513.31573	-336.54587	415.50867	110.295685	536.2206	-261.25946	2.6581457	4.027573	108.320145	-19.892036	-415.1266	98.14852	57896.10305595398
200	4738.5317	939.2644	5541.909	2783.946	5854.526	895.63074	6434.446	4061.1086	964.1	965.7	1999999	414.5194	110.77186	503.7201	-271.74905	414.51984	110.772545	500.09943	-276.76273	2.7071884	3.980571	76.56763	-14.950132	-414.09515	102.051476	58239.3622982502
201	4772.797	1448.2848	5863.334	1000.3022	5359.819	1383.4929	6218.0913	1369.4451	895.5	908.3	2009999	413.3121	111.7416	498.26187	-296.6322	413.31186	111.73815	511.8949	-204.67386	2.6753445	3.9869096	73.946556	-16.705246	-412.9276	103.1601	58620.02385401726
202	5366.425	785.2679	5760.7026	3027.463	6081.9365	72.41388	6179.1465	5977.17	1000.0	1000.0	2019999	413.94702	111.79839	498.7858	-258.18317	413.94778	111.798134	512.86346	-323.15323	2.6967354	3.9463365	94.15684	-14.607728	-413.5471	103.43433	59002.0719499588
203	4367.0273	1943.2305	5601.4365	-203.10274	5977.654	126.09646	6176.9663	5737.601	971.3	1000.0	2029999	412.79156	113.178024	497.61053	-241.23718	412.79172	113.170746	499.54327	-198.79195	2.6939871	3.9820006	71.12018	-13.84885	-412.37656	110.17677	59374.84882068634
204	4922.813	1504.0045	5707.856	752.023	6070.199	257.18277	6308.5396	5358.9443	885.9091	988.4	2039999	411.72076	116.73372	507.25583	-237.50594	411.7214	116.733116	534.35187	-235.29358	2.663608	3.9400353	87.20444	-18.34925	-411.2912	99.97905	59697.286482810974
205	5164.0117	1328.7645	5783.4326	974.7686	5956.6777	82.38348	6062.999	5771.9263	926.9091	1000.0	2049999	411.31348	118.87591	496.8536	-278.1981	411.31296	118.87575	496.08698	-278.3014	2.6639087	4.018636	128.8141	-18.276222	-410.88776	104.51277	60044.29917740822
206	5436.173	286.76868	5751.756	4661.8276	6135.0225	85.30915	6281.701	5960.7944	986.6	1000.0	2059999	411.099	120.06037	495.45627	-524.0015	411.10013	120.05872	503.41537	-281.93414	2.6724997	4.001333	126.67273	-15.47374	-410.6677	101.77777	60427.23341202736
207	4914.8633	1529.2538	5775.675	381.81564	5308.084	1301.4872	6102.3223	2124.644	888.36365	946.8	2069999	411.6257	120.427444	512.3794	-285.52188	411.62576	120.4282	507.31592	-325.80807	2.736172	4.0137997	133.56984	-15.414909	-411.22183	101.62887	60795.07184076309
208	5399.1147	434.60748	5725.6216	4172.5205	6174.461	123.1238	6431.2915	6047.46	995.3	1000.0	2079999	412.20602	120.16333	497.27725	-297.13013	412.20593	120.164955	508.9792	-257.5954	2.6883457	3.9924474	114.78673	-17.158178	-411.76703	103.58599	61163.16862463951
209	4669.184	1780.3618	5741.609	649.67004	6153.975	65.859535	6250.959	6068.8784	920.2727	1000.0	2089999	411.13788	120.59917	495.85065	-254.7923	411.13907	120.59435	500.28467	-282.233	2.7517068	4.0252037	97.14587	-15.515211	-410.7036	106.39644	61550.2372303009
210	5409.329	392.32013	5711.8647	4275.7227	5973.646	94.0295	6136.962	5856.6206	977.0	1000.0	2099999	411.07626	121.27146	497.95093	-275.13168	411.07684	121.27499	500.54022	-322.98676	2.7475355	3.9979286	118.99843	-14.467948	-410.63144	98.42865	61898.08173298836
211	5211.9873	1039.917	5687.8228	2086.1858	6191.1235	142.69006	6375.061	5898.2764	944.9091	1000.0	2109999	410.16586	124.791046	500.12766	-240.46654	410.16513	124.79539	509.01846	-269.8555	2.7567747	4.02832	100.82794	-14.946093	-409.72525	112.239624	62219.0385890007
212	3989.7812	2003.6099	5743.157	201.66106	5842.595	839.03107	6361.2476	3535.1704	749.2143	945.4	2119999	410.83218	123.4666	509.7941	-245.68022	410.83286	123.469124	509.1185	-205.98093	2.7126148	4.0915327	142.66718	-13.964235	-410.4173	102.665016	62535.62766623497
213	4558.292	1988.3186	5762.147	323.99936	6228.1494	71.55922	6321.212	6086.623	907.2	1000.0	2129999	410.4418	124.38732	499.8206	-247.19308	410.44223	124.386894	499.20056	-266.26715	2.735659	4.139786	103.1627	-13.878261	-410.00186	108.373886	62855.420457839966
214	5233.848	906.60504	5735.181	2400.3127	6058.918	144.19945	6321.039	5752.915	949.4545	992.6	2139999	410.61288	125.225075	500.27524	-254.46918	410.6129	125.22946	503.08267	-242.20494	2.7901688	4.1664233	119.008514	-13.560831	-410.17157	102.90427	63177.034120082855
215	5295.558	977.24664	5798.2246	2236.316	5292.8955	1663.8033	5945.687	307.02774	945.8182	906.9	2149999	410.68774	125.88878	500.05838	-310.27567	410.6875	125.888565	498.3053	-272.2909	2.6810615	4.096372	110.15044	-16.109978	-410.2295	101.620575	63498.57185816765
216	5640.8765	104.32637	5886.356	5490.3496	6062.6694	84.528824	6190.7993	5947.3555	1000.0	1000.0	2159999	410.39777	126.2274	508.28638	-396.78467	410.3981	126.226074	501.93378	-246.33675	2.6966367	4.08142	72.46462	-14.468601	-409.92844	109.10011	63886.75013899803
217	5323.9917	670.42896	5651.0176	3352.1335	6145.021	56.1007	6248.436	6068.4287	960.5	1000.0	2169999	410.37067	125.85697	507.6676	-252.11491	410.37152	125.858986	513.6211	-343.4453	2.643716	4.1359577	64.610855	-14.28524	-409.92703	101.9847	64277.78662323952
218	5158.8286	980.3519	5802.046	2458.8538	6031.093	115.492294	6243.3027	5893.9883	950.36365	1000.0	2179999	410.77246	124.91119	515.3166	-327.0446	410.77197	124.91181	517.7451	-232.6439	2.6980326	4.132412	105.80069	-14.695414	-410.321	102.30575	64664.45324754715
219	5209.1353	1209.9644	5790.4985	1593.1726	5700.124	91.20978	5882.0913	5587.645	928.9	1000.0	2189999	410.5971	124.62986	512.774	-298.9981	410.5984	124.629	496.05914	-252.76405	2.665808	4.0792627	157.44904	-15.8417845	-410.12946	104.57057	65040.91583442688
220	5563.1646	112.28103	5758.5586	5392.6523	5698.996	1852.4272	6478.5093	151.756	1000.0	904.3	2199999	410.69916	123.94677	529.6094	-323.94867	410.69943	123.94865	513.04584	-250.12857	2.7056465	4.112749	173.54863	-15.920664	-410.25	102.57421	65407.53578066826
221	5429.3105	577.28766	5792.1436	3646.3442	5588.5835	1610.0278	6293.193	774.5025	966.7273	914.3	2209999	410.98444	123.25137	505.07068	-386.3978	410.98483	123.247665	517.51135	-245.95445	2.7435627	4.067728	101.957	-16.249882	-410.53644	108.9228	65741.4228322506
222	5076.102	1586.0345	5854.622	84.86826	5531.3936	1730.2089	6212.6714	344.2411	912.5455	907.8	2219999	411.85992	122.63379	499.1545	-258.53796	411.86017	122.6313	511.41006	-234.88084	2.6978476	4.1373954	87.72144	-15.703177	-411.4373	100.59766	66098.80843687057
223	5606.1274	106.72225	5745.896	5364.8203	6280.234	97.427986	6433.883	6110.263	1000.0	1000.0	2229999	412.3203	122.41465	543.4104	-316.77563	412.32043	122.41339	506.89905	-332.44647	2.681946	4.1301923	142.52254	-14.522544	-411.86926	97.938866	66494.45267105103
224	4967.087	1373.9298	5734.38	1898.392	6125.874	103.593796	6277.2407	5952.922	889.8182	1000.0	2239999	412.63553	122.6029	499.18665	-224.97325	412.63654	122.60263	503.23953	-180.46956	2.704187	4.1616006	75.09268	-14.434525	-412.21707	96.01257	66871.44943785667
225	5079.255	1375.6243	5877.9424	931.52234	5926.448	411.95428	6311.2383	4783.642	925.0	979.8	2249999	413.6909	121.29212	502.48602	-360.05038	413.6902	121.293686	498.5298	-223.2056	2.71506	4.19833	126.027	-16.121813	-413.2697	98.258736	67238.30704808235
226	4916.1416	1162.6672	5787.7993	2257.7249	6150.2026	167.58327	6395.3555	5803.316	948.9	1000.0	2259999	414.71127	119.32258	508.99918	-194.43242	414.71143	119.3241	498.3151	-205.771	2.67839	4.2476773	99.796814	-16.434464	-414.33	93.599686	67577.96760773659
227	5063.158	1395.7258	5790.754	752.46857	6041.884	111.27933	6220.532	5840.6895	904.0	1000.0	2269999	416.2469	117.99604	523.1048	-303.92053	416.2476	117.995544	517.995	-455.72354	2.730254	4.2126393	81.651535	-15.012477	-415.8254	103.23016	67928.62300014496
228	5438.199	446.54944	5798.5405	4204.5386	6224.142	128.52919	6485.5264	6012.9355	969.0	1000.0	2279999	415.57687	118.90473	524.4504	-448.62347	415.57703	118.90451	531.02747	-437.11612	2.7311065	4.2930045	98.788956	-14.1171	-415.15314	106.40651	68296.56545138359
229	4860.33	1399.8892	5895.4834	2074.4568	5926.993	825.52563	6325.0605	3468.643	912.1818	957.1	2289999	417.27835	116.94505	572.6623	-230.02274	417.27795	116.94818	575.8326	-281.11456	2.8209846	4.3529706	225.77408	-13.954908	-416.89566	101.41551	68616.53305196762
230	5624.518	93.95154	5786.007	5493.4185	5996.4233	71.627884	6138.9897	5855.874	1000.0	1000.0	2299999	417.46616	117.16636	579.5152	-353.59024	417.46655	117.16516	576.56555	-263.6693	2.8808606	4.4188786	104.7327	-13.6692	-417.08594	105.51856	68940.80686664581
231	5091.9307	1672.2732	5748.3906	81.60158	6210.343	68.53174	6307.912	6079.758	903.6	1000.0	2309999	420.74884	116.251396	682.4306	-298.97012	420.7479	116.25229	681.3785	-215.81526	2.9783661	4.5856204	184.67151	-14.406055	-420.47284	109.9443	69278.80929756165
232	5383.348	821.51044	5892.984	2902.8347	5565.521	1326.6925	6252.3916	1601.7847	942.7273	929.7	2319999	426.14606	119.749084	880.53406	-360.47986	426.1451	119.7563	876.14484	-269.46872	3.0085685	4.578168	139.77786	-16.09994	-425.9249	118.28709	69636.28857254982
233	4554.2593	1978.218	5795.5156	-323.68887	3127.7417	2867.6567	6121.1006	-2322.7134	1000.0	931.2	2329999	434.24866	132.6057	995.61255	-207.32095	434.247	132.61479	983.2427	-272.45792	2.9807181	4.566771	94.12164	-14.739292	-434.1414	140.43182	70028.28214740753
234	169.89284	1686.5074	3500.5796	-1508.9795	4214.0156	3082.052	6552.935	-890.78265	928.7273	1000.0	2339999	434.78778	129.31699	953.4133	-250.73546	434.7888	129.31717	957.4856	-237.08815	2.7954907	4.31847	78.98743	-14.578909	-434.4337	132.51126	70359.25297665596
235	5430.141	140.23062	5595.8955	5147.3496	5854.781	84.855446	6012.707	5697.084	1000.0	1000.0	2349999	425.10803	118.69115	719.81824	-321.40372	425.1101	118.68925	716.9495	-372.6694	2.7564147	4.192527	102.81282	-14.40041	-424.6418	116.87531	70674.40816283226
236	4251.7935	1705.6543	5567.0425	516.3865	5998.7163	87.31	6137.015	5890.099	797.1667	1000.0	2359999	417.6681	119.50253	510.31158	-504.9193	417.6688	119.50577	512.85986	-326.83908	2.7028425	4.1869197	111.856766	-14.130941	-417.20685	109.99264	71000.44543552399
237	5488.078	136.08295	5684.0347	5293.1416	6031.097	159.75818	6307.7026	5635.3823	1000.0	1000.0	2369999	415.02582	120.103645	691.0176	-277.4749	415.02567	120.1089	700.0147	-218.70097	2.820491	4.38172	93.47118	-16.25216	-414.62134	115.99992	71329.0876262188
238	5543.225	169.98341	5771.926	5281.871	5598.617	1188.7805	6210.4067	2049.042	1000.0	935.8	2379999	412.99915	122.09116	676.34143	-326.13852	412.9981	122.096825	667.4977	-311.11673	2.6672757	4.2108374	96.64311	-15.861978	-412.55115	109.92342	71645.85912942886
239	5324.1895	564.8683	5709.779	3589.3633	6027.4297	169.99657	6220.695	5660.4614	968.9091	1000.0	2389999	410.52557	125.05952	506.77927	-288.5958	410.5259	125.059746	502.42422	-313.025	2.6196425	4.056709	114.80525	-17.064735	-410.06696	101.92725	71964.27710199356
240	5594.7173	164.06075	5884.65	5395.0747	5806.7485	619.5984	6204.489	3990.1633	1000.0	964.8	2399999	409.40594	126.94659	506.52277	-305.3864	409.40607	126.94602	499.53198	-298.77057	2.5928895	4.0953345	99.20635	-15.706496	-408.9646	98.942894	72293.57049918175
241	5546.7954	172.00755	5819.01	5260.333	6019.84	64.002365	6130.9326	5952.427	993.9	1000.0	2409999	409.12448	126.59313	504.20718	-244.92145	409.12537	126.59556	497.8514	-237.37315	2.557907	4.05772	144.96579	-14.206316	-408.7104	100.465904	72627.30819129944
242	5506.108	96.13499	5691.408	5355.9414	6144.391	137.70302	6303.4155	5922.438	1000.0	1000.0	2419999	408.6569	127.30593	500.5827	-262.4435	408.6572	127.30832	506.01352	-257.25043	2.5588036	4.1331825	146.948	-14.474439	-408.2253	99.42704	72960.91452670097
243	5602.173	92.779175	5756.245	5410.7153	5705.0806	1758.9817	6456.2812	453.69095	1000.0	903.6	2429999	408.49594	126.809006	511.61853	-501.19574	408.49512	126.81296	496.2914	-247.62173	2.6062584	4.157525	152.85764	-16.18414	-408.07666	97.72475	73310.76043391228
244	5640.227	92.85126	5787.067	5475.3516	6183.6846	71.46408	6309.723	6044.3433	1000.0	1000.0	2439999	409.13806	125.563896	514.99817	-217.83667	409.13895	125.565285	515.7636	-243.24152	2.6374333	4.1387978	116.733734	-14.458771	-408.71985	96.94004	73678.4105284214
245	4901.911	1629.5481	5675.087	128.57928	5939.522	68.45381	6056.052	5848.6934	881.9091	1000.0	2449999	410.7532	124.64706	527.38635	-298.60693	410.75372	124.649704	500.16177	-210.48854	2.6861455	4.129418	144.04129	-15.790362	-410.3683	95.45801	74053.673807621
246	5547.2163	112.21589	5672.266	5341.1655	5784.218	864.77576	6275.599	3203.6223	1000.0	956.0	2459999	411.4785	123.32921	500.33435	-267.98645	411.47894	123.33177	500.3332	-404.60715	2.5842252	4.196364	97.344826	-14.701888	-411.0844	96.46843	74411.42272758484
247	5464.0454	160.31512	5841.7246	5262.9854	6131.604	114.26042	6401.894	5970.9297	1000.0	999.1	2469999	413.9064	119.02567	503.8726	-260.1999	413.90765	119.0205	499.6101	-218.42188	2.7389295	4.4155784	127.762436	-14.197363	-413.58115	95.031784	74727.84530425072
248	5618.186	129.50912	5761.6704	5286.8755	6150.725	132.24406	6315.521	5879.1865	1000.0	1000.0	2479999	414.9485	117.78695	498.70593	-222.62852	414.9487	117.7918	498.92636	-259.39023	2.86555	4.3514447	91.53273	-15.320745	-414.58163	100.97506	75045.21514296532
249	5613.1685	173.4711	5809.2163	5293.845	5947.8413	84.4297	6046.262	5746.595	1000.0	1000.0	2489999	415.69638	117.09793	525.42993	-207.45464	415.696	117.104355	522.8972	-398.798	2.8782573	4.366156	169.35918	-14.887763	-415.3481	97.626785	75368.13749718666
250	5605.094	123.24185	5769.1934	5410.287	5477.2676	1691.3148	6249.1177	412.24753	1000.0	908.7	2499999	417.5003	114.89096	572.267	-297.2278	417.50156	114.89136	573.8722	-242.70235	2.870765	4.4065437	142.77176	-17.303682	-417.15396	97.33516	75721.92458677292
251	5128.145	1315.6757	5680.4854	983.6899	5653.8364	1418.7562	6376.411	1417.8091	926.2727	924.5	2509999	419.04953	114.67126	721.935	-226.47453	419.04993	114.672325	717.8627	-248.94444	2.9177985	4.4980407	136.84015	-14.896406	-418.7542	98.30575	76101.30584096909
252	5512.253	261.93115	5847.7036	4856.1187	6087.337	109.822334	6270.185	5913.381	1000.0	1000.0	2519999	422.4772	115.93136	805.9357	-370.57056	422.47754	115.935295	809.50385	-369.92178	3.0454662	4.6838965	98.83029	-13.966955	-422.19794	108.86268	76431.55290007591
253	4044.8484	2508.352	5661.635	-2195.1377	-2145.868	374.37823	-1365.4619	-2506.3716	980.6	1000.0	2529999	427.8109	121.35329	1689.6736	-296.70337	427.81067	121.371605	1683.6509	-286.05264	3.497273	5.361995	125.52466	-15.096632	-427.8475	147.24573	76757.66016459465
254	-1750.2341	373.02646	-1301.3832	-2519.9265	-1034.1515	192.66435	-633.52246	-1221.2098	1000.0	1000.0	2539999	440.4258	140.1291	1947.308	-285.6436	440.42682	140.13339	1916.8717	-289.17236	3.6891096	5.185257	122.76866	-17.18514	-440.3754	203.38962	77081.24267935753
255	74.72803	2147.4143	5196.0396	-1598.475	5210.698	2115.4631	6072.1694	-1129.7721	903.8182	1000.0	2549999	434.44293	124.03579	1328.6416	-429.9834	434.44266	124.039276	1329.1718	-273.96176	2.8566163	4.4911904	100.926704	-15.28479	-434.0823	133.41516	77405.99612784386
256	5117.0864	1032.3044	5688.723	1897.1283	6154.899	69.43938	6271.618	6072.324	940.8182	1000.0	2559999	427.59753	114.52365	788.8533	-364.56738	427.5972	114.52619	790.3351	-275.6238	2.698731	4.257498	80.4481	-17.379333	-427.16187	107.38052	77730.2182404995
257	5565.468	115.48151	5715.7305	5363.9985	5086.049	1946.9746	6161.3853	195.69598	1000.0	1000.0	2569999	431.36942	111.10585	910.6773	-553.5636	431.36905	111.11162	904.3952	-440.10004	2.8823984	4.531366	97.49176	-14.993802	-431.1111	112.58146	78053.11112165451
258	3254.9956	2387.9421	5859.921	-1953.6747	4970.8936	2248.4856	6146.436	-352.09308	1000.0	1000.0	2579999	435.98212	106.63542	882.69763	-322.18216	435.98196	106.63956	877.6665	-271.3586	2.7246933	4.253333	119.77643	-14.400122	-435.4854	107.4859	78374.94034981728
259	5061.2246	1123.6987	5751.463	2037.665	6006.3066	57.88247	6092.099	5895.4614	964.7	1000.0	2589999	430.07013	100.80139	573.08344	-390.13116	430.07117	100.80557	577.06976	-345.68817	2.6609275	4.130457	96.07767	-14.556433	-429.43286	99.0787	78732.78017497063
260	4799.307	1595.0903	5707.016	0.54111415	5624.0776	1552.7335	6417.5654	979.03107	910.5455	916.8	2599999	428.85718	100.76876	518.3339	-347.11087	428.85764	100.77003	512.34863	-404.93976	2.542101	4.0977592	67.6438	-14.375725	-428.2686	93.22599	79121.68584108353
261	5436.347	402.23563	5704.233	4254.601	6055.593	115.21924	6210.4893	5882.5063	976.9	1000.0	2609999	431.02032	97.19226	501.5605	-277.63763	431.02103	97.19336	500.97296	-259.9819	2.566529	4.2012324	136.32669	-16.215946	-430.3903	92.81278	79510.59881997108
262	5590.1313	138.31143	5738.8276	5365.648	6290.375	90.213066	6398.917	6103.302	1000.0	1000.0	2619999	433.75388	94.3217	524.58453	-216.41385	433.75464	94.32523	500.5562	-214.5651	2.5892744	4.1905627	71.51961	-14.889605	-433.10144	88.88365	79867.20723986626
263	4797.6733	1638.6564	5810.681	177.01134	6134.5337	641.5574	6465.0386	4230.4194	863.75	967.4	2629999	435.59164	91.71337	515.4586	-231.19289	435.59207	91.721825	526.73834	-267.30063	2.529092	4.1600966	87.96325	-17.07438	-434.8996	91.60814	80199.87684607506
264	5670.7124	208.64801	6000.6733	5326.7188	5413.1084	1434.8676	6348.6323	2405.4001	1000.0	885.1	2639999	437.43375	89.09939	500.74475	-286.1925	437.43365	89.102264	511.08508	-234.76437	2.5104237	4.082727	114.46874	-14.284747	-436.71066	86.46661	80531.57139515877
265	5004.001	1492.0367	5746.537	463.58356	6084.356	130.53082	6324.0273	5811.669	898.2727	1000.0	2649999	440.27792	86.359825	503.56146	-244.89783	440.27826	86.36286	519.49146	-228.8629	2.414872	4.104371	85.69205	-17.09948	-439.5511	90.4571	80871.10964250565
266	4845.901	1755.1211	5785.1313	347.74066	6202.2544	129.12459	6409.3228	5901.346	863.75	1000.0	2659999	443.67093	83.01353	513.40027	-222.54495	443.6717	83.01568	510.01877	-290.6422	2.3136284	4.0746326	116.8728	-16.837719	-442.9445	80.18595	81204.60053133965
267	4151.179	1983.0929	5906.9844	1052.8649	6125.883	371.5277	6378.9644	5028.338	873.0909	982.0	2669999	446.37598	80.09953	515.6716	-261.20886	446.37625	80.106674	573.2417	-298.14996	2.3028967	4.0598907	110.384865	-15.17314	-445.6337	81.87225	81538.64963150024
268	5510.3604	486.291	5888.351	4136.3555	6101.0806	107.071884	6256.1646	5900.2583	977.7	1000.0	2679999	448.42914	79.75619	507.8737	-232.05525	448.42902	79.75558	514.0458	-320.01953	2.2930017	4.1019373	119.25835	-14.086569	-447.6867	85.44905	81914.445779562
269	5213.932	1311.7034	5828.3633	1078.3859	6327.5557	114.81069	6438.2676	6044.38	929.0	1000.0	2689999	449.69904	78.14414	513.1256	-215.65926	449.69937	78.14227	513.6593	-197.05382	2.247829	4.0959463	75.5528	-15.1500225	-448.9361	81.87442	82286.11887168884
270	5098.7676	1518.7219	5719.6685	307.43497	6286.585	84.27777	6443.49	6162.3496	916.36365	1000.0	2699999	451.78323	76.1648	506.05103	-198.57887	451.78366	76.16475	528.52814	-363.2561	2.1973941	4.080393	49.40663	-14.757378	-451.02475	73.957085	82656.66245937347
271	5544.4756	132.40701	5715.5103	5235.575	6265.7725	100.13309	6360.431	6015.43	1000.0	1000.0	2709999	452.67966	75.38638	507.50894	-234.9066	452.67975	75.392685	509.7522	-255.6002	2.1793325	4.08841	48.921238	-15.000995	-451.90396	78.560974	83052.30296707153
272	4931.9907	1272.7126	5700.112	1802.4508	5735.465	1529.9426	6509.0903	1161.9633	953.63635	919.2	2719999	453.05197	75.01724	508.68057	-238.21338	453.05234	75.02413	511.9245	-261.10266	2.245948	4.0474734	52.579094	-15.715498	-452.26724	82.04787	83447.57824134827
273	4789.136	1451.8065	5800.8833	1590.2972	6306.915	87.39904	6438.5723	6164.9043	858.1818	1000.0	2729999	453.85236	74.0397	551.5429	-252.4173	453.85202	74.03882	516.54865	-253.49791	2.1660335	4.1096106	53.165962	-14.639427	-453.0888	78.6943	83845.6264386177
274	3908.1355	2201.34	5737.1875	236.8696	6199.323	71.05645	6266.9536	6072.807	707.4286	1000.0	2739999	455.06985	74.66045	509.07687	-276.33838	455.06964	74.66106	522.1077	-245.56383	2.1362152	4.1077065	49.984165	-16.548687	-454.30835	80.87458	84178.5693423748
275	5205.3574	700.8019	5836.8467	3735.156	6235.729	73.859924	6307.4463	6102.6426	918.63635	1000.0	2749999	456.23004	73.38237	509.443	-249.33133	456.2302	73.39082	517.2521	-277.5467	2.1206772	4.1219006	49.653038	-14.526442	-455.4675	76.3879	84502.61708378792
276	5217.183	918.434	5861.338	2599.9062	5976.5713	105.17155	6122.1216	5779.3853	929.2727	1000.0	2759999	457.11804	72.68311	526.1313	-233.3087	457.11798	72.68331	634.2804	-263.56122	2.138369	4.132823	66.853546	-15.169495	-456.3483	77.51995	84830.2474591732
277	5463.829	478.75244	5741.588	4061.4255	6226.492	636.0099	6563.8403	4331.4487	969.8	966.6	2769999	457.75992	72.662	531.9787	-274.8485	457.76068	72.66107	515.12933	-264.83188	2.186116	4.1417537	102.79187	-17.19172	-456.9828	85.07417	85164.8136856556
278	4860.548	1492.0817	5849.9307	872.7921	5783.8154	582.786	6411.7383	4473.3223	865.0833	945.3	2779999	457.458	72.46258	512.3136	-218.9219	457.45847	72.461105	511.08206	-252.89761	2.1320236	4.1210938	47.727627	-15.289551	-456.65625	82.385284	85515.19610977173
279	5211.5713	1068.687	5758.0845	2027.1116	5198.548	1901.2911	6549.189	998.7889	936.5	828.3	2789999	457.0717	72.41647	519.52356	-198.89645	457.07175	72.42096	508.613	-176.15294	2.1026165	4.109191	58.08274	-15.383938	-456.2792	82.90848	85871.84671854973
280	5251.9478	1099.3126	5740.6987	1787.3203	6301.5474	91.05796	6406.818	6131.4746	938.63635	1000.0	2799999	457.72144	71.18829	518.84143	-235.31181	457.72128	71.197235	531.4961	-173.09943	2.153926	4.1044774	93.52196	-15.9667015	-456.9273	79.44161	86248.99862957001
281	5347.1113	1046.2263	5888.4233	2064.6987	6295.1704	76.77929	6398.05	6169.6626	942.63635	1000.0	2809999	458.4115	71.302864	513.0588	-225.57712	458.41095	71.31165	521.88684	-216.26993	2.1430483	4.126532	106.11389	-17.559624	-457.63406	84.5356	86581.30666255951
282	4903.787	1495.3087	5750.538	1726.6719	6170.0317	116.18219	6365.7295	5970.163	883.4545	1000.0	2819999	458.80902	70.71832	513.7088	-447.27487	458.80984	70.71892	514.18744	-338.5719	2.2106414	4.159525	73.07947	-13.612837	-458.00674	83.54241	86904.56991648674
283	4897.84	1537.6654	5853.3555	540.7189	6216.502	153.66946	6467.663	5966.882	870.3333	1000.0	2829999	459.10147	70.3239	516.0375	-177.97214	459.10223	70.32768	513.88513	-233.60684	2.1375368	4.1604323	111.42355	-14.1163025	-458.3151	78.107285	87249.05312752724
284	5622.9985	91.8993	5760.979	5418.7256	6070.961	122.82785	6274.4097	5898.928	1000.0	1000.0	2839999	459.51462	70.036064	510.58334	-252.74438	459.51462	70.03589	512.2038	-198.669	2.120931	4.1455407	41.358948	-18.140205	-458.7424	84.42678	87590.64361262321
285	5227.97	1213.2208	5906.125	1609.902	6276.574	88.518776	6397.6157	6107.5283	1000.0	1000.0	2849999	460.65564	68.66998	532.4541	-293.7351	460.6559	68.679085	515.7315	-318.28412	2.111608	4.102674	60.543945	-17.065056	-459.87766	78.01842	87921.92195391655
286	4916.972	1558.6089	5919.6167	962.80927	5606.319	1554.7362	6220.0444	944.80176	866.4545	917.2	2859999	461.47897	68.32004	514.9549	-181.94543	461.47974	68.311226	516.1042	-197.55135	2.161418	4.064239	67.74572	-16.183971	-460.70496	74.93149	88258.64062404633
287	5079.769	1336.4119	5814.125	2121.5215	6271.807	83.255974	6438.372	6136.0024	948.0909	1000.0	2869999	461.94873	69.2692	523.3377	-205.97348	461.949	69.275406	560.0205	-257.2922	2.0885549	4.1103864	152.9841	-15.848753	-461.1643	74.773636	88609.21601033211
288	5197.165	1104.7521	5740.47	1897.1439	6111.7686	88.03349	6299.5483	5976.4053	935.4	1000.0	2879999	461.88962	69.460884	518.56006	-203.89897	461.88974	69.47218	515.248	-354.74997	2.166405	4.011681	56.452625	-16.07482	-461.11426	79.78501	88936.82176446915
289	4805.8433	1851.4989	5750.263	51.07185	6324.6377	141.1472	6468.845	5934.9844	857.4167	1000.0	2889999	462.60577	70.066956	514.2332	-188.20024	462.6061	70.06889	519.24384	-204.84642	2.0315702	4.0045533	64.77416	-14.919493	-461.8376	76.60435	89262.88742280006
290	5667.541	100.45117	5889.226	5557.7046	5120.6143	1852.0612	6419.9287	717.6606	1000.0	820.7	2899999	463.29932	70.022995	515.312	-191.90796	463.2996	70.022675	514.9623	-205.2438	2.083414	3.99992	72.31855	-14.95704	-462.5149	72.59767	89582.78854417801
291	5304.7886	893.5679	5919.8413	2972.6394	6201.7593	158.8472	6420.954	5930.373	932.9091	1000.0	2909999	462.93423	70.54804	531.29614	-192.89456	462.93442	70.55686	516.7073	-199.51433	2.1454196	4.011274	55.42289	-15.1119795	-462.1551	77.31065	89905.11679053307
292	5225.4614	990.9137	5824.931	2939.2327	6325.824	124.10735	6525.083	6126.1455	915.0909	1000.0	2919999	462.64542	71.09585	514.665	-225.52791	462.64554	71.093376	532.0451	-262.85757	2.1615772	4.0888906	165.28656	-17.033941	-461.83374	76.68478	90236.43478322029
293	5664.6167	84.70352	5798.112	5519.8457	6433.0205	147.86127	6605.0996	6112.9805	1000.0	1000.0	2929999	462.34836	71.28486	520.4485	-218.87941	462.34943	71.290924	522.72955	-241.09743	2.1817749	4.0589886	106.03609	-16.03378	-461.5538	81.48795	90576.09424185753
294	5768.6577	184.37907	5990.9043	5275.4907	6147.188	529.3696	6532.1978	4592.363	1000.0	977.4	2939999	462.73355	70.547516	547.72235	-242.26027	462.73386	70.54847	514.7115	-332.9486	2.1399226	4.056495	69.38057	-15.006188	-461.9579	73.782166	90952.97705745697
295	5289.4697	1048.1559	5870.8247	2326.3452	6227.267	118.93911	6384.553	5968.218	923.1	1000.0	2949999	462.93982	70.296234	513.877	-263.24338	462.93945	70.29937	519.354	-335.2747	2.1517534	4.0669994	46.346004	-15.538243	-462.152	75.45646	91336.78488492966
296	5666.2734	146.94617	5845.2393	5302.703	6252.049	146.8543	6471.166	5967.3564	1000.0	1000.0	2959999	463.52972	70.93862	514.99854	-255.57332	463.53006	70.9439	516.4077	-284.13852	2.1761305	4.0893884	95.87655	-17.229767	-462.75464	73.07016	91724.294672966
297	5059.1284	960.3902	5808.094	3306.8274	5340.4824	1814.6163	6420.7935	595.9803	932.4545	865.1	2969999	464.14594	69.72985	514.0617	-252.36899	464.14572	69.73795	518.44916	-272.58682	2.1420324	4.112646	62.550148	-14.929149	-463.35425	75.23439	92051.39841938019
298	4500.746	1981.5254	5871.7896	34.85846	5881.787	1159.8234	6453.52	2418.9001	806.3333	1000.0	2979999	464.04553	71.45001	515.97577	-264.50858	464.04575	71.448944	517.0264	-262.15314	2.1755283	4.0414834	101.85389	-15.252998	-463.26376	77.08426	92380.58976244926
299	5224.8745	1602.941	5995.403	171.26588	5943.0483	434.61047	6247.8877	4662.584	914.0909	977.5	2989999	464.4803	70.25947	516.3	-235.78511	464.48083	70.26599	524.30164	-249.48842	2.182956	3.9847639	74.56002	-15.942709	-463.69034	78.84208	92724.09611868858
300	5094.8237	1262.8274	5928.895	1429.082	6281.6157	162.1145	6540.157	6070.8403	900.5	1000.0	2999999	465.01544	69.33098	517.668	-216.25674	465.01596	69.32984	555.23914	-228.41826	2.1173189	4.0127845	58.957104	-14.46927	-464.2445	75.03818	93064.72014069557
